/*--------------------------------*- C++ -*----------------------------------*\
  =========                 |
  \\      /  F ield         | OpenFOAM: The Open Source CFD Toolbox
   \\    /   O peration     | Website:  https://openfoam.org
    \\  /    A nd           | Version:  6
     \\/     M anipulation  |
\*---------------------------------------------------------------------------*/
FoamFile
{
    version     2.0;
    format      ascii;
    class       labelList;
    location    "constant/polyMesh";
    object      faceProcAddressing;
}
// * * * * * * * * * * * * * * * * * * * * * * * * * * * * * * * * * * * * * //


2060
(
1991
1992
1993
1994
1995
1996
1997
1998
1999
2000
2001
2002
2003
2004
2005
2006
2007
2008
2009
2010
2011
2012
2013
2014
2015
2016
2017
2018
2019
2020
2021
2022
2023
2024
2025
2026
2027
2028
2029
2030
2031
2032
2033
2034
2035
2036
2037
2038
2039
2040
2041
2042
2043
2044
2045
2046
2047
2048
2049
2050
2051
2052
2053
2054
2055
2056
2057
2058
2059
2060
2061
2062
2063
2064
2065
2066
2067
2068
2069
2070
2071
2072
2073
2074
2075
2076
2077
2078
2079
2080
2081
2082
2083
2084
2085
2086
2087
2088
2090
2190
2191
2192
2193
2194
2195
2196
2197
2198
2199
2200
2201
2202
2203
2204
2205
2206
2207
2208
2209
2210
2211
2212
2213
2214
2215
2216
2217
2218
2219
2220
2221
2222
2223
2224
2225
2226
2227
2228
2229
2230
2231
2232
2233
2234
2235
2236
2237
2238
2239
2240
2241
2242
2243
2244
2245
2246
2247
2248
2249
2250
2251
2252
2253
2254
2255
2256
2257
2258
2259
2260
2261
2262
2263
2264
2265
2266
2267
2268
2269
2270
2271
2272
2273
2274
2275
2276
2277
2278
2279
2280
2281
2282
2283
2284
2285
2286
2287
2289
2389
2390
2391
2392
2393
2394
2395
2396
2397
2398
2399
2400
2401
2402
2403
2404
2405
2406
2407
2408
2409
2410
2411
2412
2413
2414
2415
2416
2417
2418
2419
2420
2421
2422
2423
2424
2425
2426
2427
2428
2429
2430
2431
2432
2433
2434
2435
2436
2437
2438
2439
2440
2441
2442
2443
2444
2445
2446
2447
2448
2449
2450
2451
2452
2453
2454
2455
2456
2457
2458
2459
2460
2461
2462
2463
2464
2465
2466
2467
2468
2469
2470
2471
2472
2473
2474
2475
2476
2477
2478
2479
2480
2481
2482
2483
2484
2485
2486
2488
2588
2589
2590
2591
2592
2593
2594
2595
2596
2597
2598
2599
2600
2601
2602
2603
2604
2605
2606
2607
2608
2609
2610
2611
2612
2613
2614
2615
2616
2617
2618
2619
2620
2621
2622
2623
2624
2625
2626
2627
2628
2629
2630
2631
2632
2633
2634
2635
2636
2637
2638
2639
2640
2641
2642
2643
2644
2645
2646
2647
2648
2649
2650
2651
2652
2653
2654
2655
2656
2657
2658
2659
2660
2661
2662
2663
2664
2665
2666
2667
2668
2669
2670
2671
2672
2673
2674
2675
2676
2677
2678
2679
2680
2681
2682
2683
2684
2685
2687
2787
2788
2789
2790
2791
2792
2793
2794
2795
2796
2797
2798
2799
2800
2801
2802
2803
2804
2805
2806
2807
2808
2809
2810
2811
2812
2813
2814
2815
2816
2817
2818
2819
2820
2821
2822
2823
2824
2825
2826
2827
2828
2829
2830
2831
2832
2833
2834
2835
2836
2837
2838
2839
2840
2841
2842
2843
2844
2845
2846
2847
2848
2849
2850
2851
2852
2853
2854
2855
2856
2857
2858
2859
2860
2861
2862
2863
2864
2865
2866
2867
2868
2869
2870
2871
2872
2873
2874
2875
2876
2877
2878
2879
2880
2881
2882
2883
2884
2886
2986
2987
2988
2989
2990
2991
2992
2993
2994
2995
2996
2997
2998
2999
3000
3001
3002
3003
3004
3005
3006
3007
3008
3009
3010
3011
3012
3013
3014
3015
3016
3017
3018
3019
3020
3021
3022
3023
3024
3025
3026
3027
3028
3029
3030
3031
3032
3033
3034
3035
3036
3037
3038
3039
3040
3041
3042
3043
3044
3045
3046
3047
3048
3049
3050
3051
3052
3053
3054
3055
3056
3057
3058
3059
3060
3061
3062
3063
3064
3065
3066
3067
3068
3069
3070
3071
3072
3073
3074
3075
3076
3077
3078
3079
3080
3081
3082
3083
3085
3185
3186
3187
3188
3189
3190
3191
3192
3193
3194
3195
3196
3197
3198
3199
3200
3201
3202
3203
3204
3205
3206
3207
3208
3209
3210
3211
3212
3213
3214
3215
3216
3217
3218
3219
3220
3221
3222
3223
3224
3225
3226
3227
3228
3229
3230
3231
3232
3233
3234
3235
3236
3237
3238
3239
3240
3241
3242
3243
3244
3245
3246
3247
3248
3249
3250
3251
3252
3253
3254
3255
3256
3257
3258
3259
3260
3261
3262
3263
3264
3265
3266
3267
3268
3269
3270
3271
3272
3273
3274
3275
3276
3277
3278
3279
3280
3281
3282
3284
3384
3385
3386
3387
3388
3389
3390
3391
3392
3393
3394
3395
3396
3397
3398
3399
3400
3401
3402
3403
3404
3405
3406
3407
3408
3409
3410
3411
3412
3413
3414
3415
3416
3417
3418
3419
3420
3421
3422
3423
3424
3425
3426
3427
3428
3429
3430
3431
3432
3433
3434
3435
3436
3437
3438
3439
3440
3441
3442
3443
3444
3445
3446
3447
3448
3449
3450
3451
3452
3453
3454
3455
3456
3457
3458
3459
3460
3461
3462
3463
3464
3465
3466
3467
3468
3469
3470
3471
3472
3473
3474
3475
3476
3477
3478
3479
3480
3481
3483
3583
3584
3585
3586
3587
3588
3589
3590
3591
3592
3593
3594
3595
3596
3597
3598
3599
3600
3601
3602
3603
3604
3605
3606
3607
3608
3609
3610
3611
3612
3613
3614
3615
3616
3617
3618
3619
3620
3621
3622
3623
3624
3625
3626
3627
3628
3629
3630
3631
3632
3633
3634
3635
3636
3637
3638
3639
3640
3641
3642
3643
3644
3645
3646
3647
3648
3649
3650
3651
3652
3653
3654
3655
3656
3657
3658
3659
3660
3661
3662
3663
3664
3665
3666
3667
3668
3669
3670
3671
3672
3673
3674
3675
3676
3677
3678
3679
3680
3682
3782
3784
3786
3788
3790
3792
3794
3796
3798
3800
3802
3804
3806
3808
3810
3812
3814
3816
3818
3820
3822
3824
3826
3828
3830
3832
3834
3836
3838
3840
3842
3844
3846
3848
3850
3852
3854
3856
3858
3860
3862
3864
3866
3868
3870
3872
3874
3876
3878
7871
7872
7873
7874
7875
7876
7877
7878
7879
7880
8151
8152
8153
8154
8155
8156
8157
8158
8159
8160
8191
8192
8193
8194
8195
8196
8197
8198
8199
8200
8231
8232
8233
8234
8235
8236
8237
8238
8239
8240
8271
8272
8273
8274
8275
8276
8277
8278
8279
8280
8311
8312
8313
8314
8315
8316
8317
8318
8319
8320
8351
8352
8353
8354
8355
8356
8357
8358
8359
8360
8391
8392
8393
8394
8395
8396
8397
8398
8399
8400
8431
8432
8433
8434
8435
8436
8437
8438
8439
8440
8471
8472
8473
8474
8475
8476
8477
8478
8479
8480
8511
8512
8513
8514
8515
8516
8517
8518
8519
8520
8551
8552
8553
8554
8555
8556
8557
8558
8559
8560
8591
8592
8593
8594
8595
8596
8597
8598
8599
8600
8631
8632
8633
8634
8635
8636
8637
8638
8639
8640
8671
8672
8673
8674
8675
8676
8677
8678
8679
8680
8711
8712
8713
8714
8715
8716
8717
8718
8719
8720
8751
8752
8753
8754
8755
8756
8757
8758
8759
8760
8791
8792
8793
8794
8795
8796
8797
8798
8799
8800
8831
8832
8833
8834
8835
8836
8837
8838
8839
8840
8871
8872
8873
8874
8875
8876
8877
8878
8879
8880
8911
8912
8913
8914
8915
8916
8917
8918
8919
8920
8951
8952
8953
8954
8955
8956
8957
8958
8959
8960
8991
8992
8993
8994
8995
8996
8997
8998
8999
9000
9031
9032
9033
9034
9035
9036
9037
9038
9039
9040
9071
9072
9073
9074
9075
9076
9077
9078
9079
9080
9111
9112
9113
9114
9115
9116
9117
9118
9119
9120
9151
9152
9153
9154
9155
9156
9157
9158
9159
9160
9191
9192
9193
9194
9195
9196
9197
9198
9199
9200
9231
9232
9233
9234
9235
9236
9237
9238
9239
9240
9271
9272
9273
9274
9275
9276
9277
9278
9279
9280
9311
9312
9313
9314
9315
9316
9317
9318
9319
9320
9351
9352
9353
9354
9355
9356
9357
9358
9359
9360
9391
9392
9393
9394
9395
9396
9397
9398
9399
9400
9431
9432
9433
9434
9435
9436
9437
9438
9439
9440
9471
9472
9473
9474
9475
9476
9477
9478
9479
9480
9511
9512
9513
9514
9515
9516
9517
9518
9519
9520
9551
9552
9553
9554
9555
9556
9557
9558
9559
9560
9591
9592
9593
9594
9595
9596
9597
9598
9599
9600
9631
9632
9633
9634
9635
9636
9637
9638
9639
9640
9671
9672
9673
9674
9675
9676
9677
9678
9679
9680
9711
9712
9713
9714
9715
9716
9717
9718
9719
9720
9751
9752
9753
9754
9755
9756
9757
9758
9759
9760
9791
9792
9793
9794
9795
9796
9797
9798
9799
9800
9831
9832
9833
9834
9835
9836
9837
9838
9839
9840
9871
9872
9873
9874
9875
9876
9877
9878
9879
9880
9911
9912
9913
9914
9915
9916
9917
9918
9919
9920
9951
9952
9953
9954
9955
9956
9957
9958
9959
9960
9991
9992
9993
9994
9995
9996
9997
9998
9999
10000
10031
10032
10033
10034
10035
10036
10037
10038
10039
10040
10071
10072
10073
10074
10075
10076
10077
10078
10079
10080
10111
10112
10113
10114
10115
10116
10117
10118
10119
10120
12151
12152
12153
12154
12155
12156
12157
12158
12159
12160
12191
12192
12193
12194
12195
12196
12197
12198
12199
12200
12231
12232
12233
12234
12235
12236
12237
12238
12239
12240
12271
12272
12273
12274
12275
12276
12277
12278
12279
12280
12311
12312
12313
12314
12315
12316
12317
12318
12319
12320
12351
12352
12353
12354
12355
12356
12357
12358
12359
12360
12391
12392
12393
12394
12395
12396
12397
12398
12399
12400
12431
12432
12433
12434
12435
12436
12437
12438
12439
12440
12471
12472
12473
12474
12475
12476
12477
12478
12479
12480
12511
12512
12513
12514
12515
12516
12517
12518
12519
12520
12551
12552
12553
12554
12555
12556
12557
12558
12559
12560
12591
12592
12593
12594
12595
12596
12597
12598
12599
12600
12631
12632
12633
12634
12635
12636
12637
12638
12639
12640
12671
12672
12673
12674
12675
12676
12677
12678
12679
12680
12711
12712
12713
12714
12715
12716
12717
12718
12719
12720
12751
12752
12753
12754
12755
12756
12757
12758
12759
12760
12791
12792
12793
12794
12795
12796
12797
12798
12799
12800
12831
12832
12833
12834
12835
12836
12837
12838
12839
12840
12871
12872
12873
12874
12875
12876
12877
12878
12879
12880
12911
12912
12913
12914
12915
12916
12917
12918
12919
12920
12951
12952
12953
12954
12955
12956
12957
12958
12959
12960
12991
12992
12993
12994
12995
12996
12997
12998
12999
13000
13031
13032
13033
13034
13035
13036
13037
13038
13039
13040
13071
13072
13073
13074
13075
13076
13077
13078
13079
13080
13111
13112
13113
13114
13115
13116
13117
13118
13119
13120
13151
13152
13153
13154
13155
13156
13157
13158
13159
13160
13191
13192
13193
13194
13195
13196
13197
13198
13199
13200
13231
13232
13233
13234
13235
13236
13237
13238
13239
13240
13271
13272
13273
13274
13275
13276
13277
13278
13279
13280
13311
13312
13313
13314
13315
13316
13317
13318
13319
13320
13351
13352
13353
13354
13355
13356
13357
13358
13359
13360
13391
13392
13393
13394
13395
13396
13397
13398
13399
13400
13431
13432
13433
13434
13435
13436
13437
13438
13439
13440
13471
13472
13473
13474
13475
13476
13477
13478
13479
13480
13511
13512
13513
13514
13515
13516
13517
13518
13519
13520
13551
13552
13553
13554
13555
13556
13557
13558
13559
13560
13591
13592
13593
13594
13595
13596
13597
13598
13599
13600
13631
13632
13633
13634
13635
13636
13637
13638
13639
13640
13671
13672
13673
13674
13675
13676
13677
13678
13679
13680
13711
13712
13713
13714
13715
13716
13717
13718
13719
13720
13751
13752
13753
13754
13755
13756
13757
13758
13759
13760
13791
13792
13793
13794
13795
13796
13797
13798
13799
13800
13831
13832
13833
13834
13835
13836
13837
13838
13839
13840
13871
13872
13873
13874
13875
13876
13877
13878
13879
13880
13911
13912
13913
13914
13915
13916
13917
13918
13919
13920
13951
13952
13953
13954
13955
13956
13957
13958
13959
13960
13991
13992
13993
13994
13995
13996
13997
13998
13999
14000
14031
14032
14033
14034
14035
14036
14037
14038
14039
14040
14071
14072
14073
14074
14075
14076
14077
14078
14079
14080
14111
14112
14113
14114
14115
14116
14117
14118
14119
14120
-1793
-1795
-1797
-1799
-1801
-1803
-1805
-1807
-1809
-1811
-1813
-1815
-1817
-1819
-1821
-1823
-1825
-1827
-1829
-1831
-1833
-1835
-1837
-1839
-1841
-1843
-1845
-1847
-1849
-1851
-1853
-1855
-1857
-1859
-1861
-1863
-1865
-1867
-1869
-1871
-1873
-1875
-1877
-1879
-1881
-1883
-1885
-1887
-1889
-1891
2089
2288
2487
2686
2885
3084
3283
3482
3681
3880
3783
3785
3787
3789
3791
3793
3795
3797
3799
3801
3803
3805
3807
3809
3811
3813
3815
3817
3819
3821
3823
3825
3827
3829
3831
3833
3835
3837
3839
3841
3843
3845
3847
3849
3851
3853
3855
3857
3859
3861
3863
3865
3867
3869
3871
3873
3875
3877
3879
3881
)


// ************************************************************************* //
