/*--------------------------------*- C++ -*----------------------------------*\
  =========                 |
  \\      /  F ield         | OpenFOAM: The Open Source CFD Toolbox
   \\    /   O peration     | Website:  https://openfoam.org
    \\  /    A nd           | Version:  6
     \\/     M anipulation  |
\*---------------------------------------------------------------------------*/
FoamFile
{
    version     2.0;
    format      ascii;
    class       vectorField;
    location    "constant/polyMesh";
    object      points;
}
// * * * * * * * * * * * * * * * * * * * * * * * * * * * * * * * * * * * * * //


1122
(
(0 -0.005 -0.01)
(0.0002 -0.005 -0.01)
(0.0004 -0.005 -0.01)
(0.0006 -0.005 -0.01)
(0.0008 -0.005 -0.01)
(0.001 -0.005 -0.01)
(0.0012 -0.005 -0.01)
(0.0014 -0.005 -0.01)
(0.0016 -0.005 -0.01)
(0.0018 -0.005 -0.01)
(0.002 -0.005 -0.01)
(0.0022 -0.005 -0.01)
(0.0024 -0.005 -0.01)
(0.0026 -0.005 -0.01)
(0.0028 -0.005 -0.01)
(0.003 -0.005 -0.01)
(0.0032 -0.005 -0.01)
(0.0034 -0.005 -0.01)
(0.0036 -0.005 -0.01)
(0.0038 -0.005 -0.01)
(0.004 -0.005 -0.01)
(0.0042 -0.005 -0.01)
(0.0044 -0.005 -0.01)
(0.0046 -0.005 -0.01)
(0.0048 -0.005 -0.01)
(0.005 -0.005 -0.01)
(0.0052 -0.005 -0.01)
(0.0054 -0.005 -0.01)
(0.0056 -0.005 -0.01)
(0.0058 -0.005 -0.01)
(0.006 -0.005 -0.01)
(0.0062 -0.005 -0.01)
(0.0064 -0.005 -0.01)
(0.0066 -0.005 -0.01)
(0.0068 -0.005 -0.01)
(0.007 -0.005 -0.01)
(0.0072 -0.005 -0.01)
(0.0074 -0.005 -0.01)
(0.0076 -0.005 -0.01)
(0.0078 -0.005 -0.01)
(0.008 -0.005 -0.01)
(0.0082 -0.005 -0.01)
(0.0084 -0.005 -0.01)
(0.0086 -0.005 -0.01)
(0.0088 -0.005 -0.01)
(0.009 -0.005 -0.01)
(0.0092 -0.005 -0.01)
(0.0094 -0.005 -0.01)
(0.0096 -0.005 -0.01)
(0.0098 -0.005 -0.01)
(0.01 -0.005 -0.01)
(0 -0.0045 -0.01)
(0.0002 -0.0045 -0.01)
(0.0004 -0.0045 -0.01)
(0.0006 -0.0045 -0.01)
(0.0008 -0.0045 -0.01)
(0.001 -0.0045 -0.01)
(0.0012 -0.0045 -0.01)
(0.0014 -0.0045 -0.01)
(0.0016 -0.0045 -0.01)
(0.0018 -0.0045 -0.01)
(0.002 -0.0045 -0.01)
(0.0022 -0.0045 -0.01)
(0.0024 -0.0045 -0.01)
(0.0026 -0.0045 -0.01)
(0.0028 -0.0045 -0.01)
(0.003 -0.0045 -0.01)
(0.0032 -0.0045 -0.01)
(0.0034 -0.0045 -0.01)
(0.0036 -0.0045 -0.01)
(0.0038 -0.0045 -0.01)
(0.004 -0.0045 -0.01)
(0.0042 -0.0045 -0.01)
(0.0044 -0.0045 -0.01)
(0.0046 -0.0045 -0.01)
(0.0048 -0.0045 -0.01)
(0.005 -0.0045 -0.01)
(0.0052 -0.0045 -0.01)
(0.0054 -0.0045 -0.01)
(0.0056 -0.0045 -0.01)
(0.0058 -0.0045 -0.01)
(0.006 -0.0045 -0.01)
(0.0062 -0.0045 -0.01)
(0.0064 -0.0045 -0.01)
(0.0066 -0.0045 -0.01)
(0.0068 -0.0045 -0.01)
(0.007 -0.0045 -0.01)
(0.0072 -0.0045 -0.01)
(0.0074 -0.0045 -0.01)
(0.0076 -0.0045 -0.01)
(0.0078 -0.0045 -0.01)
(0.008 -0.0045 -0.01)
(0.0082 -0.0045 -0.01)
(0.0084 -0.0045 -0.01)
(0.0086 -0.0045 -0.01)
(0.0088 -0.0045 -0.01)
(0.009 -0.0045 -0.01)
(0.0092 -0.0045 -0.01)
(0.0094 -0.0045 -0.01)
(0.0096 -0.0045 -0.01)
(0.0098 -0.0045 -0.01)
(0.01 -0.0045 -0.01)
(0 -0.004 -0.01)
(0.0002 -0.004 -0.01)
(0.0004 -0.004 -0.01)
(0.0006 -0.004 -0.01)
(0.0008 -0.004 -0.01)
(0.001 -0.004 -0.01)
(0.0012 -0.004 -0.01)
(0.0014 -0.004 -0.01)
(0.0016 -0.004 -0.01)
(0.0018 -0.004 -0.01)
(0.002 -0.004 -0.01)
(0.0022 -0.004 -0.01)
(0.0024 -0.004 -0.01)
(0.0026 -0.004 -0.01)
(0.0028 -0.004 -0.01)
(0.003 -0.004 -0.01)
(0.0032 -0.004 -0.01)
(0.0034 -0.004 -0.01)
(0.0036 -0.004 -0.01)
(0.0038 -0.004 -0.01)
(0.004 -0.004 -0.01)
(0.0042 -0.004 -0.01)
(0.0044 -0.004 -0.01)
(0.0046 -0.004 -0.01)
(0.0048 -0.004 -0.01)
(0.005 -0.004 -0.01)
(0.0052 -0.004 -0.01)
(0.0054 -0.004 -0.01)
(0.0056 -0.004 -0.01)
(0.0058 -0.004 -0.01)
(0.006 -0.004 -0.01)
(0.0062 -0.004 -0.01)
(0.0064 -0.004 -0.01)
(0.0066 -0.004 -0.01)
(0.0068 -0.004 -0.01)
(0.007 -0.004 -0.01)
(0.0072 -0.004 -0.01)
(0.0074 -0.004 -0.01)
(0.0076 -0.004 -0.01)
(0.0078 -0.004 -0.01)
(0.008 -0.004 -0.01)
(0.0082 -0.004 -0.01)
(0.0084 -0.004 -0.01)
(0.0086 -0.004 -0.01)
(0.0088 -0.004 -0.01)
(0.009 -0.004 -0.01)
(0.0092 -0.004 -0.01)
(0.0094 -0.004 -0.01)
(0.0096 -0.004 -0.01)
(0.0098 -0.004 -0.01)
(0.01 -0.004 -0.01)
(0 -0.0035 -0.01)
(0.0002 -0.0035 -0.01)
(0.0004 -0.0035 -0.01)
(0.0006 -0.0035 -0.01)
(0.0008 -0.0035 -0.01)
(0.001 -0.0035 -0.01)
(0.0012 -0.0035 -0.01)
(0.0014 -0.0035 -0.01)
(0.0016 -0.0035 -0.01)
(0.0018 -0.0035 -0.01)
(0.002 -0.0035 -0.01)
(0.0022 -0.0035 -0.01)
(0.0024 -0.0035 -0.01)
(0.0026 -0.0035 -0.01)
(0.0028 -0.0035 -0.01)
(0.003 -0.0035 -0.01)
(0.0032 -0.0035 -0.01)
(0.0034 -0.0035 -0.01)
(0.0036 -0.0035 -0.01)
(0.0038 -0.0035 -0.01)
(0.004 -0.0035 -0.01)
(0.0042 -0.0035 -0.01)
(0.0044 -0.0035 -0.01)
(0.0046 -0.0035 -0.01)
(0.0048 -0.0035 -0.01)
(0.005 -0.0035 -0.01)
(0.0052 -0.0035 -0.01)
(0.0054 -0.0035 -0.01)
(0.0056 -0.0035 -0.01)
(0.0058 -0.0035 -0.01)
(0.006 -0.0035 -0.01)
(0.0062 -0.0035 -0.01)
(0.0064 -0.0035 -0.01)
(0.0066 -0.0035 -0.01)
(0.0068 -0.0035 -0.01)
(0.007 -0.0035 -0.01)
(0.0072 -0.0035 -0.01)
(0.0074 -0.0035 -0.01)
(0.0076 -0.0035 -0.01)
(0.0078 -0.0035 -0.01)
(0.008 -0.0035 -0.01)
(0.0082 -0.0035 -0.01)
(0.0084 -0.0035 -0.01)
(0.0086 -0.0035 -0.01)
(0.0088 -0.0035 -0.01)
(0.009 -0.0035 -0.01)
(0.0092 -0.0035 -0.01)
(0.0094 -0.0035 -0.01)
(0.0096 -0.0035 -0.01)
(0.0098 -0.0035 -0.01)
(0.01 -0.0035 -0.01)
(0 -0.003 -0.01)
(0.0002 -0.003 -0.01)
(0.0004 -0.003 -0.01)
(0.0006 -0.003 -0.01)
(0.0008 -0.003 -0.01)
(0.001 -0.003 -0.01)
(0.0012 -0.003 -0.01)
(0.0014 -0.003 -0.01)
(0.0016 -0.003 -0.01)
(0.0018 -0.003 -0.01)
(0.002 -0.003 -0.01)
(0.0022 -0.003 -0.01)
(0.0024 -0.003 -0.01)
(0.0026 -0.003 -0.01)
(0.0028 -0.003 -0.01)
(0.003 -0.003 -0.01)
(0.0032 -0.003 -0.01)
(0.0034 -0.003 -0.01)
(0.0036 -0.003 -0.01)
(0.0038 -0.003 -0.01)
(0.004 -0.003 -0.01)
(0.0042 -0.003 -0.01)
(0.0044 -0.003 -0.01)
(0.0046 -0.003 -0.01)
(0.0048 -0.003 -0.01)
(0.005 -0.003 -0.01)
(0.0052 -0.003 -0.01)
(0.0054 -0.003 -0.01)
(0.0056 -0.003 -0.01)
(0.0058 -0.003 -0.01)
(0.006 -0.003 -0.01)
(0.0062 -0.003 -0.01)
(0.0064 -0.003 -0.01)
(0.0066 -0.003 -0.01)
(0.0068 -0.003 -0.01)
(0.007 -0.003 -0.01)
(0.0072 -0.003 -0.01)
(0.0074 -0.003 -0.01)
(0.0076 -0.003 -0.01)
(0.0078 -0.003 -0.01)
(0.008 -0.003 -0.01)
(0.0082 -0.003 -0.01)
(0.0084 -0.003 -0.01)
(0.0086 -0.003 -0.01)
(0.0088 -0.003 -0.01)
(0.009 -0.003 -0.01)
(0.0092 -0.003 -0.01)
(0.0094 -0.003 -0.01)
(0.0096 -0.003 -0.01)
(0.0098 -0.003 -0.01)
(0.01 -0.003 -0.01)
(0 -0.0025 -0.01)
(0.0002 -0.0025 -0.01)
(0.0004 -0.0025 -0.01)
(0.0006 -0.0025 -0.01)
(0.0008 -0.0025 -0.01)
(0.001 -0.0025 -0.01)
(0.0012 -0.0025 -0.01)
(0.0014 -0.0025 -0.01)
(0.0016 -0.0025 -0.01)
(0.0018 -0.0025 -0.01)
(0.002 -0.0025 -0.01)
(0.0022 -0.0025 -0.01)
(0.0024 -0.0025 -0.01)
(0.0026 -0.0025 -0.01)
(0.0028 -0.0025 -0.01)
(0.003 -0.0025 -0.01)
(0.0032 -0.0025 -0.01)
(0.0034 -0.0025 -0.01)
(0.0036 -0.0025 -0.01)
(0.0038 -0.0025 -0.01)
(0.004 -0.0025 -0.01)
(0.0042 -0.0025 -0.01)
(0.0044 -0.0025 -0.01)
(0.0046 -0.0025 -0.01)
(0.0048 -0.0025 -0.01)
(0.005 -0.0025 -0.01)
(0.0052 -0.0025 -0.01)
(0.0054 -0.0025 -0.01)
(0.0056 -0.0025 -0.01)
(0.0058 -0.0025 -0.01)
(0.006 -0.0025 -0.01)
(0.0062 -0.0025 -0.01)
(0.0064 -0.0025 -0.01)
(0.0066 -0.0025 -0.01)
(0.0068 -0.0025 -0.01)
(0.007 -0.0025 -0.01)
(0.0072 -0.0025 -0.01)
(0.0074 -0.0025 -0.01)
(0.0076 -0.0025 -0.01)
(0.0078 -0.0025 -0.01)
(0.008 -0.0025 -0.01)
(0.0082 -0.0025 -0.01)
(0.0084 -0.0025 -0.01)
(0.0086 -0.0025 -0.01)
(0.0088 -0.0025 -0.01)
(0.009 -0.0025 -0.01)
(0.0092 -0.0025 -0.01)
(0.0094 -0.0025 -0.01)
(0.0096 -0.0025 -0.01)
(0.0098 -0.0025 -0.01)
(0.01 -0.0025 -0.01)
(0 -0.002 -0.01)
(0.0002 -0.002 -0.01)
(0.0004 -0.002 -0.01)
(0.0006 -0.002 -0.01)
(0.0008 -0.002 -0.01)
(0.001 -0.002 -0.01)
(0.0012 -0.002 -0.01)
(0.0014 -0.002 -0.01)
(0.0016 -0.002 -0.01)
(0.0018 -0.002 -0.01)
(0.002 -0.002 -0.01)
(0.0022 -0.002 -0.01)
(0.0024 -0.002 -0.01)
(0.0026 -0.002 -0.01)
(0.0028 -0.002 -0.01)
(0.003 -0.002 -0.01)
(0.0032 -0.002 -0.01)
(0.0034 -0.002 -0.01)
(0.0036 -0.002 -0.01)
(0.0038 -0.002 -0.01)
(0.004 -0.002 -0.01)
(0.0042 -0.002 -0.01)
(0.0044 -0.002 -0.01)
(0.0046 -0.002 -0.01)
(0.0048 -0.002 -0.01)
(0.005 -0.002 -0.01)
(0.0052 -0.002 -0.01)
(0.0054 -0.002 -0.01)
(0.0056 -0.002 -0.01)
(0.0058 -0.002 -0.01)
(0.006 -0.002 -0.01)
(0.0062 -0.002 -0.01)
(0.0064 -0.002 -0.01)
(0.0066 -0.002 -0.01)
(0.0068 -0.002 -0.01)
(0.007 -0.002 -0.01)
(0.0072 -0.002 -0.01)
(0.0074 -0.002 -0.01)
(0.0076 -0.002 -0.01)
(0.0078 -0.002 -0.01)
(0.008 -0.002 -0.01)
(0.0082 -0.002 -0.01)
(0.0084 -0.002 -0.01)
(0.0086 -0.002 -0.01)
(0.0088 -0.002 -0.01)
(0.009 -0.002 -0.01)
(0.0092 -0.002 -0.01)
(0.0094 -0.002 -0.01)
(0.0096 -0.002 -0.01)
(0.0098 -0.002 -0.01)
(0.01 -0.002 -0.01)
(0 -0.0015 -0.01)
(0.0002 -0.0015 -0.01)
(0.0004 -0.0015 -0.01)
(0.0006 -0.0015 -0.01)
(0.0008 -0.0015 -0.01)
(0.001 -0.0015 -0.01)
(0.0012 -0.0015 -0.01)
(0.0014 -0.0015 -0.01)
(0.0016 -0.0015 -0.01)
(0.0018 -0.0015 -0.01)
(0.002 -0.0015 -0.01)
(0.0022 -0.0015 -0.01)
(0.0024 -0.0015 -0.01)
(0.0026 -0.0015 -0.01)
(0.0028 -0.0015 -0.01)
(0.003 -0.0015 -0.01)
(0.0032 -0.0015 -0.01)
(0.0034 -0.0015 -0.01)
(0.0036 -0.0015 -0.01)
(0.0038 -0.0015 -0.01)
(0.004 -0.0015 -0.01)
(0.0042 -0.0015 -0.01)
(0.0044 -0.0015 -0.01)
(0.0046 -0.0015 -0.01)
(0.0048 -0.0015 -0.01)
(0.005 -0.0015 -0.01)
(0.0052 -0.0015 -0.01)
(0.0054 -0.0015 -0.01)
(0.0056 -0.0015 -0.01)
(0.0058 -0.0015 -0.01)
(0.006 -0.0015 -0.01)
(0.0062 -0.0015 -0.01)
(0.0064 -0.0015 -0.01)
(0.0066 -0.0015 -0.01)
(0.0068 -0.0015 -0.01)
(0.007 -0.0015 -0.01)
(0.0072 -0.0015 -0.01)
(0.0074 -0.0015 -0.01)
(0.0076 -0.0015 -0.01)
(0.0078 -0.0015 -0.01)
(0.008 -0.0015 -0.01)
(0.0082 -0.0015 -0.01)
(0.0084 -0.0015 -0.01)
(0.0086 -0.0015 -0.01)
(0.0088 -0.0015 -0.01)
(0.009 -0.0015 -0.01)
(0.0092 -0.0015 -0.01)
(0.0094 -0.0015 -0.01)
(0.0096 -0.0015 -0.01)
(0.0098 -0.0015 -0.01)
(0.01 -0.0015 -0.01)
(0 -0.001 -0.01)
(0.0002 -0.001 -0.01)
(0.0004 -0.001 -0.01)
(0.0006 -0.001 -0.01)
(0.0008 -0.001 -0.01)
(0.001 -0.001 -0.01)
(0.0012 -0.001 -0.01)
(0.0014 -0.001 -0.01)
(0.0016 -0.001 -0.01)
(0.0018 -0.001 -0.01)
(0.002 -0.001 -0.01)
(0.0022 -0.001 -0.01)
(0.0024 -0.001 -0.01)
(0.0026 -0.001 -0.01)
(0.0028 -0.001 -0.01)
(0.003 -0.001 -0.01)
(0.0032 -0.001 -0.01)
(0.0034 -0.001 -0.01)
(0.0036 -0.001 -0.01)
(0.0038 -0.001 -0.01)
(0.004 -0.001 -0.01)
(0.0042 -0.001 -0.01)
(0.0044 -0.001 -0.01)
(0.0046 -0.001 -0.01)
(0.0048 -0.001 -0.01)
(0.005 -0.001 -0.01)
(0.0052 -0.001 -0.01)
(0.0054 -0.001 -0.01)
(0.0056 -0.001 -0.01)
(0.0058 -0.001 -0.01)
(0.006 -0.001 -0.01)
(0.0062 -0.001 -0.01)
(0.0064 -0.001 -0.01)
(0.0066 -0.001 -0.01)
(0.0068 -0.001 -0.01)
(0.007 -0.001 -0.01)
(0.0072 -0.001 -0.01)
(0.0074 -0.001 -0.01)
(0.0076 -0.001 -0.01)
(0.0078 -0.001 -0.01)
(0.008 -0.001 -0.01)
(0.0082 -0.001 -0.01)
(0.0084 -0.001 -0.01)
(0.0086 -0.001 -0.01)
(0.0088 -0.001 -0.01)
(0.009 -0.001 -0.01)
(0.0092 -0.001 -0.01)
(0.0094 -0.001 -0.01)
(0.0096 -0.001 -0.01)
(0.0098 -0.001 -0.01)
(0.01 -0.001 -0.01)
(0 -0.0005 -0.01)
(0.0002 -0.0005 -0.01)
(0.0004 -0.0005 -0.01)
(0.0006 -0.0005 -0.01)
(0.0008 -0.0005 -0.01)
(0.001 -0.0005 -0.01)
(0.0012 -0.0005 -0.01)
(0.0014 -0.0005 -0.01)
(0.0016 -0.0005 -0.01)
(0.0018 -0.0005 -0.01)
(0.002 -0.0005 -0.01)
(0.0022 -0.0005 -0.01)
(0.0024 -0.0005 -0.01)
(0.0026 -0.0005 -0.01)
(0.0028 -0.0005 -0.01)
(0.003 -0.0005 -0.01)
(0.0032 -0.0005 -0.01)
(0.0034 -0.0005 -0.01)
(0.0036 -0.0005 -0.01)
(0.0038 -0.0005 -0.01)
(0.004 -0.0005 -0.01)
(0.0042 -0.0005 -0.01)
(0.0044 -0.0005 -0.01)
(0.0046 -0.0005 -0.01)
(0.0048 -0.0005 -0.01)
(0.005 -0.0005 -0.01)
(0.0052 -0.0005 -0.01)
(0.0054 -0.0005 -0.01)
(0.0056 -0.0005 -0.01)
(0.0058 -0.0005 -0.01)
(0.006 -0.0005 -0.01)
(0.0062 -0.0005 -0.01)
(0.0064 -0.0005 -0.01)
(0.0066 -0.0005 -0.01)
(0.0068 -0.0005 -0.01)
(0.007 -0.0005 -0.01)
(0.0072 -0.0005 -0.01)
(0.0074 -0.0005 -0.01)
(0.0076 -0.0005 -0.01)
(0.0078 -0.0005 -0.01)
(0.008 -0.0005 -0.01)
(0.0082 -0.0005 -0.01)
(0.0084 -0.0005 -0.01)
(0.0086 -0.0005 -0.01)
(0.0088 -0.0005 -0.01)
(0.009 -0.0005 -0.01)
(0.0092 -0.0005 -0.01)
(0.0094 -0.0005 -0.01)
(0.0096 -0.0005 -0.01)
(0.0098 -0.0005 -0.01)
(0.01 -0.0005 -0.01)
(0 0 -0.01)
(0.0002 0 -0.01)
(0.0004 0 -0.01)
(0.0006 0 -0.01)
(0.0008 0 -0.01)
(0.001 0 -0.01)
(0.0012 0 -0.01)
(0.0014 0 -0.01)
(0.0016 0 -0.01)
(0.0018 0 -0.01)
(0.002 0 -0.01)
(0.0022 0 -0.01)
(0.0024 0 -0.01)
(0.0026 0 -0.01)
(0.0028 0 -0.01)
(0.003 0 -0.01)
(0.0032 0 -0.01)
(0.0034 0 -0.01)
(0.0036 0 -0.01)
(0.0038 0 -0.01)
(0.004 0 -0.01)
(0.0042 0 -0.01)
(0.0044 1.445602897e-19 -0.01)
(0.0046 0 -0.01)
(0.0048 -1.445602897e-19 -0.01)
(0.005 0 -0.01)
(0.0052 0 -0.01)
(0.0054 0 -0.01)
(0.0056 0 -0.01)
(0.0058 1.445602897e-19 -0.01)
(0.006 1.445602897e-19 -0.01)
(0.0062 0 -0.01)
(0.0064 -1.445602897e-19 -0.01)
(0.0066 0 -0.01)
(0.0068 1.445602897e-19 -0.01)
(0.007 0 -0.01)
(0.0072 0 -0.01)
(0.0074 0 -0.01)
(0.0076 -1.445602897e-19 -0.01)
(0.0078 1.445602897e-19 -0.01)
(0.008 0 -0.01)
(0.0082 0 -0.01)
(0.0084 0 -0.01)
(0.0086 -1.445602897e-19 -0.01)
(0.0088 -1.445602897e-19 -0.01)
(0.009 -1.445602897e-19 -0.01)
(0.0092 0 -0.01)
(0.0094 0 -0.01)
(0.0096 0 -0.01)
(0.0098 0 -0.01)
(0.01 0 -0.01)
(0 -0.005 0.01)
(0.0002 -0.005 0.01)
(0.0004 -0.005 0.01)
(0.0006 -0.005 0.01)
(0.0008 -0.005 0.01)
(0.001 -0.005 0.01)
(0.0012 -0.005 0.01)
(0.0014 -0.005 0.01)
(0.0016 -0.005 0.01)
(0.0018 -0.005 0.01)
(0.002 -0.005 0.01)
(0.0022 -0.005 0.01)
(0.0024 -0.005 0.01)
(0.0026 -0.005 0.01)
(0.0028 -0.005 0.01)
(0.003 -0.005 0.01)
(0.0032 -0.005 0.01)
(0.0034 -0.005 0.01)
(0.0036 -0.005 0.01)
(0.0038 -0.005 0.01)
(0.004 -0.005 0.01)
(0.0042 -0.005 0.01)
(0.0044 -0.005 0.01)
(0.0046 -0.005 0.01)
(0.0048 -0.005 0.01)
(0.005 -0.005 0.01)
(0.0052 -0.005 0.01)
(0.0054 -0.005 0.01)
(0.0056 -0.005 0.01)
(0.0058 -0.005 0.01)
(0.006 -0.005 0.01)
(0.0062 -0.005 0.01)
(0.0064 -0.005 0.01)
(0.0066 -0.005 0.01)
(0.0068 -0.005 0.01)
(0.007 -0.005 0.01)
(0.0072 -0.005 0.01)
(0.0074 -0.005 0.01)
(0.0076 -0.005 0.01)
(0.0078 -0.005 0.01)
(0.008 -0.005 0.01)
(0.0082 -0.005 0.01)
(0.0084 -0.005 0.01)
(0.0086 -0.005 0.01)
(0.0088 -0.005 0.01)
(0.009 -0.005 0.01)
(0.0092 -0.005 0.01)
(0.0094 -0.005 0.01)
(0.0096 -0.005 0.01)
(0.0098 -0.005 0.01)
(0.01 -0.005 0.01)
(0 -0.0045 0.01)
(0.0002 -0.0045 0.01)
(0.0004 -0.0045 0.01)
(0.0006 -0.0045 0.01)
(0.0008 -0.0045 0.01)
(0.001 -0.0045 0.01)
(0.0012 -0.0045 0.01)
(0.0014 -0.0045 0.01)
(0.0016 -0.0045 0.01)
(0.0018 -0.0045 0.01)
(0.002 -0.0045 0.01)
(0.0022 -0.0045 0.01)
(0.0024 -0.0045 0.01)
(0.0026 -0.0045 0.01)
(0.0028 -0.0045 0.01)
(0.003 -0.0045 0.01)
(0.0032 -0.0045 0.01)
(0.0034 -0.0045 0.01)
(0.0036 -0.0045 0.01)
(0.0038 -0.0045 0.01)
(0.004 -0.0045 0.01)
(0.0042 -0.0045 0.01)
(0.0044 -0.0045 0.01)
(0.0046 -0.0045 0.01)
(0.0048 -0.0045 0.01)
(0.005 -0.0045 0.01)
(0.0052 -0.0045 0.01)
(0.0054 -0.0045 0.01)
(0.0056 -0.0045 0.01)
(0.0058 -0.0045 0.01)
(0.006 -0.0045 0.01)
(0.0062 -0.0045 0.01)
(0.0064 -0.0045 0.01)
(0.0066 -0.0045 0.01)
(0.0068 -0.0045 0.01)
(0.007 -0.0045 0.01)
(0.0072 -0.0045 0.01)
(0.0074 -0.0045 0.01)
(0.0076 -0.0045 0.01)
(0.0078 -0.0045 0.01)
(0.008 -0.0045 0.01)
(0.0082 -0.0045 0.01)
(0.0084 -0.0045 0.01)
(0.0086 -0.0045 0.01)
(0.0088 -0.0045 0.01)
(0.009 -0.0045 0.01)
(0.0092 -0.0045 0.01)
(0.0094 -0.0045 0.01)
(0.0096 -0.0045 0.01)
(0.0098 -0.0045 0.01)
(0.01 -0.0045 0.01)
(0 -0.004 0.01)
(0.0002 -0.004 0.01)
(0.0004 -0.004 0.01)
(0.0006 -0.004 0.01)
(0.0008 -0.004 0.01)
(0.001 -0.004 0.01)
(0.0012 -0.004 0.01)
(0.0014 -0.004 0.01)
(0.0016 -0.004 0.01)
(0.0018 -0.004 0.01)
(0.002 -0.004 0.01)
(0.0022 -0.004 0.01)
(0.0024 -0.004 0.01)
(0.0026 -0.004 0.01)
(0.0028 -0.004 0.01)
(0.003 -0.004 0.01)
(0.0032 -0.004 0.01)
(0.0034 -0.004 0.01)
(0.0036 -0.004 0.01)
(0.0038 -0.004 0.01)
(0.004 -0.004 0.01)
(0.0042 -0.004 0.01)
(0.0044 -0.004 0.01)
(0.0046 -0.004 0.01)
(0.0048 -0.004 0.01)
(0.005 -0.004 0.01)
(0.0052 -0.004 0.01)
(0.0054 -0.004 0.01)
(0.0056 -0.004 0.01)
(0.0058 -0.004 0.01)
(0.006 -0.004 0.01)
(0.0062 -0.004 0.01)
(0.0064 -0.004 0.01)
(0.0066 -0.004 0.01)
(0.0068 -0.004 0.01)
(0.007 -0.004 0.01)
(0.0072 -0.004 0.01)
(0.0074 -0.004 0.01)
(0.0076 -0.004 0.01)
(0.0078 -0.004 0.01)
(0.008 -0.004 0.01)
(0.0082 -0.004 0.01)
(0.0084 -0.004 0.01)
(0.0086 -0.004 0.01)
(0.0088 -0.004 0.01)
(0.009 -0.004 0.01)
(0.0092 -0.004 0.01)
(0.0094 -0.004 0.01)
(0.0096 -0.004 0.01)
(0.0098 -0.004 0.01)
(0.01 -0.004 0.01)
(0 -0.0035 0.01)
(0.0002 -0.0035 0.01)
(0.0004 -0.0035 0.01)
(0.0006 -0.0035 0.01)
(0.0008 -0.0035 0.01)
(0.001 -0.0035 0.01)
(0.0012 -0.0035 0.01)
(0.0014 -0.0035 0.01)
(0.0016 -0.0035 0.01)
(0.0018 -0.0035 0.01)
(0.002 -0.0035 0.01)
(0.0022 -0.0035 0.01)
(0.0024 -0.0035 0.01)
(0.0026 -0.0035 0.01)
(0.0028 -0.0035 0.01)
(0.003 -0.0035 0.01)
(0.0032 -0.0035 0.01)
(0.0034 -0.0035 0.01)
(0.0036 -0.0035 0.01)
(0.0038 -0.0035 0.01)
(0.004 -0.0035 0.01)
(0.0042 -0.0035 0.01)
(0.0044 -0.0035 0.01)
(0.0046 -0.0035 0.01)
(0.0048 -0.0035 0.01)
(0.005 -0.0035 0.01)
(0.0052 -0.0035 0.01)
(0.0054 -0.0035 0.01)
(0.0056 -0.0035 0.01)
(0.0058 -0.0035 0.01)
(0.006 -0.0035 0.01)
(0.0062 -0.0035 0.01)
(0.0064 -0.0035 0.01)
(0.0066 -0.0035 0.01)
(0.0068 -0.0035 0.01)
(0.007 -0.0035 0.01)
(0.0072 -0.0035 0.01)
(0.0074 -0.0035 0.01)
(0.0076 -0.0035 0.01)
(0.0078 -0.0035 0.01)
(0.008 -0.0035 0.01)
(0.0082 -0.0035 0.01)
(0.0084 -0.0035 0.01)
(0.0086 -0.0035 0.01)
(0.0088 -0.0035 0.01)
(0.009 -0.0035 0.01)
(0.0092 -0.0035 0.01)
(0.0094 -0.0035 0.01)
(0.0096 -0.0035 0.01)
(0.0098 -0.0035 0.01)
(0.01 -0.0035 0.01)
(0 -0.003 0.01)
(0.0002 -0.003 0.01)
(0.0004 -0.003 0.01)
(0.0006 -0.003 0.01)
(0.0008 -0.003 0.01)
(0.001 -0.003 0.01)
(0.0012 -0.003 0.01)
(0.0014 -0.003 0.01)
(0.0016 -0.003 0.01)
(0.0018 -0.003 0.01)
(0.002 -0.003 0.01)
(0.0022 -0.003 0.01)
(0.0024 -0.003 0.01)
(0.0026 -0.003 0.01)
(0.0028 -0.003 0.01)
(0.003 -0.003 0.01)
(0.0032 -0.003 0.01)
(0.0034 -0.003 0.01)
(0.0036 -0.003 0.01)
(0.0038 -0.003 0.01)
(0.004 -0.003 0.01)
(0.0042 -0.003 0.01)
(0.0044 -0.003 0.01)
(0.0046 -0.003 0.01)
(0.0048 -0.003 0.01)
(0.005 -0.003 0.01)
(0.0052 -0.003 0.01)
(0.0054 -0.003 0.01)
(0.0056 -0.003 0.01)
(0.0058 -0.003 0.01)
(0.006 -0.003 0.01)
(0.0062 -0.003 0.01)
(0.0064 -0.003 0.01)
(0.0066 -0.003 0.01)
(0.0068 -0.003 0.01)
(0.007 -0.003 0.01)
(0.0072 -0.003 0.01)
(0.0074 -0.003 0.01)
(0.0076 -0.003 0.01)
(0.0078 -0.003 0.01)
(0.008 -0.003 0.01)
(0.0082 -0.003 0.01)
(0.0084 -0.003 0.01)
(0.0086 -0.003 0.01)
(0.0088 -0.003 0.01)
(0.009 -0.003 0.01)
(0.0092 -0.003 0.01)
(0.0094 -0.003 0.01)
(0.0096 -0.003 0.01)
(0.0098 -0.003 0.01)
(0.01 -0.003 0.01)
(0 -0.0025 0.01)
(0.0002 -0.0025 0.01)
(0.0004 -0.0025 0.01)
(0.0006 -0.0025 0.01)
(0.0008 -0.0025 0.01)
(0.001 -0.0025 0.01)
(0.0012 -0.0025 0.01)
(0.0014 -0.0025 0.01)
(0.0016 -0.0025 0.01)
(0.0018 -0.0025 0.01)
(0.002 -0.0025 0.01)
(0.0022 -0.0025 0.01)
(0.0024 -0.0025 0.01)
(0.0026 -0.0025 0.01)
(0.0028 -0.0025 0.01)
(0.003 -0.0025 0.01)
(0.0032 -0.0025 0.01)
(0.0034 -0.0025 0.01)
(0.0036 -0.0025 0.01)
(0.0038 -0.0025 0.01)
(0.004 -0.0025 0.01)
(0.0042 -0.0025 0.01)
(0.0044 -0.0025 0.01)
(0.0046 -0.0025 0.01)
(0.0048 -0.0025 0.01)
(0.005 -0.0025 0.01)
(0.0052 -0.0025 0.01)
(0.0054 -0.0025 0.01)
(0.0056 -0.0025 0.01)
(0.0058 -0.0025 0.01)
(0.006 -0.0025 0.01)
(0.0062 -0.0025 0.01)
(0.0064 -0.0025 0.01)
(0.0066 -0.0025 0.01)
(0.0068 -0.0025 0.01)
(0.007 -0.0025 0.01)
(0.0072 -0.0025 0.01)
(0.0074 -0.0025 0.01)
(0.0076 -0.0025 0.01)
(0.0078 -0.0025 0.01)
(0.008 -0.0025 0.01)
(0.0082 -0.0025 0.01)
(0.0084 -0.0025 0.01)
(0.0086 -0.0025 0.01)
(0.0088 -0.0025 0.01)
(0.009 -0.0025 0.01)
(0.0092 -0.0025 0.01)
(0.0094 -0.0025 0.01)
(0.0096 -0.0025 0.01)
(0.0098 -0.0025 0.01)
(0.01 -0.0025 0.01)
(0 -0.002 0.01)
(0.0002 -0.002 0.01)
(0.0004 -0.002 0.01)
(0.0006 -0.002 0.01)
(0.0008 -0.002 0.01)
(0.001 -0.002 0.01)
(0.0012 -0.002 0.01)
(0.0014 -0.002 0.01)
(0.0016 -0.002 0.01)
(0.0018 -0.002 0.01)
(0.002 -0.002 0.01)
(0.0022 -0.002 0.01)
(0.0024 -0.002 0.01)
(0.0026 -0.002 0.01)
(0.0028 -0.002 0.01)
(0.003 -0.002 0.01)
(0.0032 -0.002 0.01)
(0.0034 -0.002 0.01)
(0.0036 -0.002 0.01)
(0.0038 -0.002 0.01)
(0.004 -0.002 0.01)
(0.0042 -0.002 0.01)
(0.0044 -0.002 0.01)
(0.0046 -0.002 0.01)
(0.0048 -0.002 0.01)
(0.005 -0.002 0.01)
(0.0052 -0.002 0.01)
(0.0054 -0.002 0.01)
(0.0056 -0.002 0.01)
(0.0058 -0.002 0.01)
(0.006 -0.002 0.01)
(0.0062 -0.002 0.01)
(0.0064 -0.002 0.01)
(0.0066 -0.002 0.01)
(0.0068 -0.002 0.01)
(0.007 -0.002 0.01)
(0.0072 -0.002 0.01)
(0.0074 -0.002 0.01)
(0.0076 -0.002 0.01)
(0.0078 -0.002 0.01)
(0.008 -0.002 0.01)
(0.0082 -0.002 0.01)
(0.0084 -0.002 0.01)
(0.0086 -0.002 0.01)
(0.0088 -0.002 0.01)
(0.009 -0.002 0.01)
(0.0092 -0.002 0.01)
(0.0094 -0.002 0.01)
(0.0096 -0.002 0.01)
(0.0098 -0.002 0.01)
(0.01 -0.002 0.01)
(0 -0.0015 0.01)
(0.0002 -0.0015 0.01)
(0.0004 -0.0015 0.01)
(0.0006 -0.0015 0.01)
(0.0008 -0.0015 0.01)
(0.001 -0.0015 0.01)
(0.0012 -0.0015 0.01)
(0.0014 -0.0015 0.01)
(0.0016 -0.0015 0.01)
(0.0018 -0.0015 0.01)
(0.002 -0.0015 0.01)
(0.0022 -0.0015 0.01)
(0.0024 -0.0015 0.01)
(0.0026 -0.0015 0.01)
(0.0028 -0.0015 0.01)
(0.003 -0.0015 0.01)
(0.0032 -0.0015 0.01)
(0.0034 -0.0015 0.01)
(0.0036 -0.0015 0.01)
(0.0038 -0.0015 0.01)
(0.004 -0.0015 0.01)
(0.0042 -0.0015 0.01)
(0.0044 -0.0015 0.01)
(0.0046 -0.0015 0.01)
(0.0048 -0.0015 0.01)
(0.005 -0.0015 0.01)
(0.0052 -0.0015 0.01)
(0.0054 -0.0015 0.01)
(0.0056 -0.0015 0.01)
(0.0058 -0.0015 0.01)
(0.006 -0.0015 0.01)
(0.0062 -0.0015 0.01)
(0.0064 -0.0015 0.01)
(0.0066 -0.0015 0.01)
(0.0068 -0.0015 0.01)
(0.007 -0.0015 0.01)
(0.0072 -0.0015 0.01)
(0.0074 -0.0015 0.01)
(0.0076 -0.0015 0.01)
(0.0078 -0.0015 0.01)
(0.008 -0.0015 0.01)
(0.0082 -0.0015 0.01)
(0.0084 -0.0015 0.01)
(0.0086 -0.0015 0.01)
(0.0088 -0.0015 0.01)
(0.009 -0.0015 0.01)
(0.0092 -0.0015 0.01)
(0.0094 -0.0015 0.01)
(0.0096 -0.0015 0.01)
(0.0098 -0.0015 0.01)
(0.01 -0.0015 0.01)
(0 -0.001 0.01)
(0.0002 -0.001 0.01)
(0.0004 -0.001 0.01)
(0.0006 -0.001 0.01)
(0.0008 -0.001 0.01)
(0.001 -0.001 0.01)
(0.0012 -0.001 0.01)
(0.0014 -0.001 0.01)
(0.0016 -0.001 0.01)
(0.0018 -0.001 0.01)
(0.002 -0.001 0.01)
(0.0022 -0.001 0.01)
(0.0024 -0.001 0.01)
(0.0026 -0.001 0.01)
(0.0028 -0.001 0.01)
(0.003 -0.001 0.01)
(0.0032 -0.001 0.01)
(0.0034 -0.001 0.01)
(0.0036 -0.001 0.01)
(0.0038 -0.001 0.01)
(0.004 -0.001 0.01)
(0.0042 -0.001 0.01)
(0.0044 -0.001 0.01)
(0.0046 -0.001 0.01)
(0.0048 -0.001 0.01)
(0.005 -0.001 0.01)
(0.0052 -0.001 0.01)
(0.0054 -0.001 0.01)
(0.0056 -0.001 0.01)
(0.0058 -0.001 0.01)
(0.006 -0.001 0.01)
(0.0062 -0.001 0.01)
(0.0064 -0.001 0.01)
(0.0066 -0.001 0.01)
(0.0068 -0.001 0.01)
(0.007 -0.001 0.01)
(0.0072 -0.001 0.01)
(0.0074 -0.001 0.01)
(0.0076 -0.001 0.01)
(0.0078 -0.001 0.01)
(0.008 -0.001 0.01)
(0.0082 -0.001 0.01)
(0.0084 -0.001 0.01)
(0.0086 -0.001 0.01)
(0.0088 -0.001 0.01)
(0.009 -0.001 0.01)
(0.0092 -0.001 0.01)
(0.0094 -0.001 0.01)
(0.0096 -0.001 0.01)
(0.0098 -0.001 0.01)
(0.01 -0.001 0.01)
(0 -0.0005 0.01)
(0.0002 -0.0005 0.01)
(0.0004 -0.0005 0.01)
(0.0006 -0.0005 0.01)
(0.0008 -0.0005 0.01)
(0.001 -0.0005 0.01)
(0.0012 -0.0005 0.01)
(0.0014 -0.0005 0.01)
(0.0016 -0.0005 0.01)
(0.0018 -0.0005 0.01)
(0.002 -0.0005 0.01)
(0.0022 -0.0005 0.01)
(0.0024 -0.0005 0.01)
(0.0026 -0.0005 0.01)
(0.0028 -0.0005 0.01)
(0.003 -0.0005 0.01)
(0.0032 -0.0005 0.01)
(0.0034 -0.0005 0.01)
(0.0036 -0.0005 0.01)
(0.0038 -0.0005 0.01)
(0.004 -0.0005 0.01)
(0.0042 -0.0005 0.01)
(0.0044 -0.0005 0.01)
(0.0046 -0.0005 0.01)
(0.0048 -0.0005 0.01)
(0.005 -0.0005 0.01)
(0.0052 -0.0005 0.01)
(0.0054 -0.0005 0.01)
(0.0056 -0.0005 0.01)
(0.0058 -0.0005 0.01)
(0.006 -0.0005 0.01)
(0.0062 -0.0005 0.01)
(0.0064 -0.0005 0.01)
(0.0066 -0.0005 0.01)
(0.0068 -0.0005 0.01)
(0.007 -0.0005 0.01)
(0.0072 -0.0005 0.01)
(0.0074 -0.0005 0.01)
(0.0076 -0.0005 0.01)
(0.0078 -0.0005 0.01)
(0.008 -0.0005 0.01)
(0.0082 -0.0005 0.01)
(0.0084 -0.0005 0.01)
(0.0086 -0.0005 0.01)
(0.0088 -0.0005 0.01)
(0.009 -0.0005 0.01)
(0.0092 -0.0005 0.01)
(0.0094 -0.0005 0.01)
(0.0096 -0.0005 0.01)
(0.0098 -0.0005 0.01)
(0.01 -0.0005 0.01)
(0 0 0.01)
(0.0002 0 0.01)
(0.0004 0 0.01)
(0.0006 0 0.01)
(0.0008 0 0.01)
(0.001 0 0.01)
(0.0012 0 0.01)
(0.0014 0 0.01)
(0.0016 0 0.01)
(0.0018 0 0.01)
(0.002 0 0.01)
(0.0022 0 0.01)
(0.0024 0 0.01)
(0.0026 0 0.01)
(0.0028 0 0.01)
(0.003 0 0.01)
(0.0032 0 0.01)
(0.0034 0 0.01)
(0.0036 0 0.01)
(0.0038 0 0.01)
(0.004 0 0.01)
(0.0042 0 0.01)
(0.0044 1.445602897e-19 0.01)
(0.0046 0 0.01)
(0.0048 -1.445602897e-19 0.01)
(0.005 0 0.01)
(0.0052 0 0.01)
(0.0054 0 0.01)
(0.0056 0 0.01)
(0.0058 1.445602897e-19 0.01)
(0.006 1.445602897e-19 0.01)
(0.0062 0 0.01)
(0.0064 -1.445602897e-19 0.01)
(0.0066 0 0.01)
(0.0068 1.445602897e-19 0.01)
(0.007 0 0.01)
(0.0072 0 0.01)
(0.0074 0 0.01)
(0.0076 -1.445602897e-19 0.01)
(0.0078 1.445602897e-19 0.01)
(0.008 0 0.01)
(0.0082 0 0.01)
(0.0084 0 0.01)
(0.0086 -1.445602897e-19 0.01)
(0.0088 -1.445602897e-19 0.01)
(0.009 -1.445602897e-19 0.01)
(0.0092 0 0.01)
(0.0094 0 0.01)
(0.0096 0 0.01)
(0.0098 0 0.01)
(0.01 0 0.01)
)


// ************************************************************************* //
