/*--------------------------------*- C++ -*----------------------------------*\
  =========                 |
  \\      /  F ield         | OpenFOAM: The Open Source CFD Toolbox
   \\    /   O peration     | Website:  https://openfoam.org
    \\  /    A nd           | Version:  6
     \\/     M anipulation  |
\*---------------------------------------------------------------------------*/
FoamFile
{
    version     2.0;
    format      ascii;
    class       labelList;
    location    "constant/polyMesh";
    object      faceProcAddressing;
}
// * * * * * * * * * * * * * * * * * * * * * * * * * * * * * * * * * * * * * //


2060
(
2091
2092
2093
2094
2095
2096
2097
2098
2099
2100
2101
2102
2103
2104
2105
2106
2107
2108
2109
2110
2111
2112
2113
2114
2115
2116
2117
2118
2119
2120
2121
2122
2123
2124
2125
2126
2127
2128
2129
2130
2131
2132
2133
2134
2135
2136
2137
2138
2139
2140
2141
2142
2143
2144
2145
2146
2147
2148
2149
2150
2151
2152
2153
2154
2155
2156
2157
2158
2159
2160
2161
2162
2163
2164
2165
2166
2167
2168
2169
2170
2171
2172
2173
2174
2175
2176
2177
2178
2179
2180
2181
2182
2183
2184
2185
2186
2187
2188
2189
2290
2291
2292
2293
2294
2295
2296
2297
2298
2299
2300
2301
2302
2303
2304
2305
2306
2307
2308
2309
2310
2311
2312
2313
2314
2315
2316
2317
2318
2319
2320
2321
2322
2323
2324
2325
2326
2327
2328
2329
2330
2331
2332
2333
2334
2335
2336
2337
2338
2339
2340
2341
2342
2343
2344
2345
2346
2347
2348
2349
2350
2351
2352
2353
2354
2355
2356
2357
2358
2359
2360
2361
2362
2363
2364
2365
2366
2367
2368
2369
2370
2371
2372
2373
2374
2375
2376
2377
2378
2379
2380
2381
2382
2383
2384
2385
2386
2387
2388
2489
2490
2491
2492
2493
2494
2495
2496
2497
2498
2499
2500
2501
2502
2503
2504
2505
2506
2507
2508
2509
2510
2511
2512
2513
2514
2515
2516
2517
2518
2519
2520
2521
2522
2523
2524
2525
2526
2527
2528
2529
2530
2531
2532
2533
2534
2535
2536
2537
2538
2539
2540
2541
2542
2543
2544
2545
2546
2547
2548
2549
2550
2551
2552
2553
2554
2555
2556
2557
2558
2559
2560
2561
2562
2563
2564
2565
2566
2567
2568
2569
2570
2571
2572
2573
2574
2575
2576
2577
2578
2579
2580
2581
2582
2583
2584
2585
2586
2587
2688
2689
2690
2691
2692
2693
2694
2695
2696
2697
2698
2699
2700
2701
2702
2703
2704
2705
2706
2707
2708
2709
2710
2711
2712
2713
2714
2715
2716
2717
2718
2719
2720
2721
2722
2723
2724
2725
2726
2727
2728
2729
2730
2731
2732
2733
2734
2735
2736
2737
2738
2739
2740
2741
2742
2743
2744
2745
2746
2747
2748
2749
2750
2751
2752
2753
2754
2755
2756
2757
2758
2759
2760
2761
2762
2763
2764
2765
2766
2767
2768
2769
2770
2771
2772
2773
2774
2775
2776
2777
2778
2779
2780
2781
2782
2783
2784
2785
2786
2887
2888
2889
2890
2891
2892
2893
2894
2895
2896
2897
2898
2899
2900
2901
2902
2903
2904
2905
2906
2907
2908
2909
2910
2911
2912
2913
2914
2915
2916
2917
2918
2919
2920
2921
2922
2923
2924
2925
2926
2927
2928
2929
2930
2931
2932
2933
2934
2935
2936
2937
2938
2939
2940
2941
2942
2943
2944
2945
2946
2947
2948
2949
2950
2951
2952
2953
2954
2955
2956
2957
2958
2959
2960
2961
2962
2963
2964
2965
2966
2967
2968
2969
2970
2971
2972
2973
2974
2975
2976
2977
2978
2979
2980
2981
2982
2983
2984
2985
3086
3087
3088
3089
3090
3091
3092
3093
3094
3095
3096
3097
3098
3099
3100
3101
3102
3103
3104
3105
3106
3107
3108
3109
3110
3111
3112
3113
3114
3115
3116
3117
3118
3119
3120
3121
3122
3123
3124
3125
3126
3127
3128
3129
3130
3131
3132
3133
3134
3135
3136
3137
3138
3139
3140
3141
3142
3143
3144
3145
3146
3147
3148
3149
3150
3151
3152
3153
3154
3155
3156
3157
3158
3159
3160
3161
3162
3163
3164
3165
3166
3167
3168
3169
3170
3171
3172
3173
3174
3175
3176
3177
3178
3179
3180
3181
3182
3183
3184
3285
3286
3287
3288
3289
3290
3291
3292
3293
3294
3295
3296
3297
3298
3299
3300
3301
3302
3303
3304
3305
3306
3307
3308
3309
3310
3311
3312
3313
3314
3315
3316
3317
3318
3319
3320
3321
3322
3323
3324
3325
3326
3327
3328
3329
3330
3331
3332
3333
3334
3335
3336
3337
3338
3339
3340
3341
3342
3343
3344
3345
3346
3347
3348
3349
3350
3351
3352
3353
3354
3355
3356
3357
3358
3359
3360
3361
3362
3363
3364
3365
3366
3367
3368
3369
3370
3371
3372
3373
3374
3375
3376
3377
3378
3379
3380
3381
3382
3383
3484
3485
3486
3487
3488
3489
3490
3491
3492
3493
3494
3495
3496
3497
3498
3499
3500
3501
3502
3503
3504
3505
3506
3507
3508
3509
3510
3511
3512
3513
3514
3515
3516
3517
3518
3519
3520
3521
3522
3523
3524
3525
3526
3527
3528
3529
3530
3531
3532
3533
3534
3535
3536
3537
3538
3539
3540
3541
3542
3543
3544
3545
3546
3547
3548
3549
3550
3551
3552
3553
3554
3555
3556
3557
3558
3559
3560
3561
3562
3563
3564
3565
3566
3567
3568
3569
3570
3571
3572
3573
3574
3575
3576
3577
3578
3579
3580
3581
3582
3683
3684
3685
3686
3687
3688
3689
3690
3691
3692
3693
3694
3695
3696
3697
3698
3699
3700
3701
3702
3703
3704
3705
3706
3707
3708
3709
3710
3711
3712
3713
3714
3715
3716
3717
3718
3719
3720
3721
3722
3723
3724
3725
3726
3727
3728
3729
3730
3731
3732
3733
3734
3735
3736
3737
3738
3739
3740
3741
3742
3743
3744
3745
3746
3747
3748
3749
3750
3751
3752
3753
3754
3755
3756
3757
3758
3759
3760
3761
3762
3763
3764
3765
3766
3767
3768
3769
3770
3771
3772
3773
3774
3775
3776
3777
3778
3779
3780
3781
3882
3884
3886
3888
3890
3892
3894
3896
3898
3900
3902
3904
3906
3908
3910
3912
3914
3916
3918
3920
3922
3924
3926
3928
3930
3932
3934
3936
3938
3940
3942
3944
3946
3948
3950
3952
3954
3956
3958
3960
3962
3964
3966
3968
3970
3972
3974
3976
3978
7911
7912
7913
7914
7915
7916
7917
7918
7919
7920
10151
10152
10153
10154
10155
10156
10157
10158
10159
10160
10191
10192
10193
10194
10195
10196
10197
10198
10199
10200
10231
10232
10233
10234
10235
10236
10237
10238
10239
10240
10271
10272
10273
10274
10275
10276
10277
10278
10279
10280
10311
10312
10313
10314
10315
10316
10317
10318
10319
10320
10351
10352
10353
10354
10355
10356
10357
10358
10359
10360
10391
10392
10393
10394
10395
10396
10397
10398
10399
10400
10431
10432
10433
10434
10435
10436
10437
10438
10439
10440
10471
10472
10473
10474
10475
10476
10477
10478
10479
10480
10511
10512
10513
10514
10515
10516
10517
10518
10519
10520
10551
10552
10553
10554
10555
10556
10557
10558
10559
10560
10591
10592
10593
10594
10595
10596
10597
10598
10599
10600
10631
10632
10633
10634
10635
10636
10637
10638
10639
10640
10671
10672
10673
10674
10675
10676
10677
10678
10679
10680
10711
10712
10713
10714
10715
10716
10717
10718
10719
10720
10751
10752
10753
10754
10755
10756
10757
10758
10759
10760
10791
10792
10793
10794
10795
10796
10797
10798
10799
10800
10831
10832
10833
10834
10835
10836
10837
10838
10839
10840
10871
10872
10873
10874
10875
10876
10877
10878
10879
10880
10911
10912
10913
10914
10915
10916
10917
10918
10919
10920
10951
10952
10953
10954
10955
10956
10957
10958
10959
10960
10991
10992
10993
10994
10995
10996
10997
10998
10999
11000
11031
11032
11033
11034
11035
11036
11037
11038
11039
11040
11071
11072
11073
11074
11075
11076
11077
11078
11079
11080
11111
11112
11113
11114
11115
11116
11117
11118
11119
11120
11151
11152
11153
11154
11155
11156
11157
11158
11159
11160
11191
11192
11193
11194
11195
11196
11197
11198
11199
11200
11231
11232
11233
11234
11235
11236
11237
11238
11239
11240
11271
11272
11273
11274
11275
11276
11277
11278
11279
11280
11311
11312
11313
11314
11315
11316
11317
11318
11319
11320
11351
11352
11353
11354
11355
11356
11357
11358
11359
11360
11391
11392
11393
11394
11395
11396
11397
11398
11399
11400
11431
11432
11433
11434
11435
11436
11437
11438
11439
11440
11471
11472
11473
11474
11475
11476
11477
11478
11479
11480
11511
11512
11513
11514
11515
11516
11517
11518
11519
11520
11551
11552
11553
11554
11555
11556
11557
11558
11559
11560
11591
11592
11593
11594
11595
11596
11597
11598
11599
11600
11631
11632
11633
11634
11635
11636
11637
11638
11639
11640
11671
11672
11673
11674
11675
11676
11677
11678
11679
11680
11711
11712
11713
11714
11715
11716
11717
11718
11719
11720
11751
11752
11753
11754
11755
11756
11757
11758
11759
11760
11791
11792
11793
11794
11795
11796
11797
11798
11799
11800
11831
11832
11833
11834
11835
11836
11837
11838
11839
11840
11871
11872
11873
11874
11875
11876
11877
11878
11879
11880
11911
11912
11913
11914
11915
11916
11917
11918
11919
11920
11951
11952
11953
11954
11955
11956
11957
11958
11959
11960
11991
11992
11993
11994
11995
11996
11997
11998
11999
12000
12031
12032
12033
12034
12035
12036
12037
12038
12039
12040
12071
12072
12073
12074
12075
12076
12077
12078
12079
12080
12111
12112
12113
12114
12115
12116
12117
12118
12119
12120
14151
14152
14153
14154
14155
14156
14157
14158
14159
14160
14191
14192
14193
14194
14195
14196
14197
14198
14199
14200
14231
14232
14233
14234
14235
14236
14237
14238
14239
14240
14271
14272
14273
14274
14275
14276
14277
14278
14279
14280
14311
14312
14313
14314
14315
14316
14317
14318
14319
14320
14351
14352
14353
14354
14355
14356
14357
14358
14359
14360
14391
14392
14393
14394
14395
14396
14397
14398
14399
14400
14431
14432
14433
14434
14435
14436
14437
14438
14439
14440
14471
14472
14473
14474
14475
14476
14477
14478
14479
14480
14511
14512
14513
14514
14515
14516
14517
14518
14519
14520
14551
14552
14553
14554
14555
14556
14557
14558
14559
14560
14591
14592
14593
14594
14595
14596
14597
14598
14599
14600
14631
14632
14633
14634
14635
14636
14637
14638
14639
14640
14671
14672
14673
14674
14675
14676
14677
14678
14679
14680
14711
14712
14713
14714
14715
14716
14717
14718
14719
14720
14751
14752
14753
14754
14755
14756
14757
14758
14759
14760
14791
14792
14793
14794
14795
14796
14797
14798
14799
14800
14831
14832
14833
14834
14835
14836
14837
14838
14839
14840
14871
14872
14873
14874
14875
14876
14877
14878
14879
14880
14911
14912
14913
14914
14915
14916
14917
14918
14919
14920
14951
14952
14953
14954
14955
14956
14957
14958
14959
14960
14991
14992
14993
14994
14995
14996
14997
14998
14999
15000
15031
15032
15033
15034
15035
15036
15037
15038
15039
15040
15071
15072
15073
15074
15075
15076
15077
15078
15079
15080
15111
15112
15113
15114
15115
15116
15117
15118
15119
15120
15151
15152
15153
15154
15155
15156
15157
15158
15159
15160
15191
15192
15193
15194
15195
15196
15197
15198
15199
15200
15231
15232
15233
15234
15235
15236
15237
15238
15239
15240
15271
15272
15273
15274
15275
15276
15277
15278
15279
15280
15311
15312
15313
15314
15315
15316
15317
15318
15319
15320
15351
15352
15353
15354
15355
15356
15357
15358
15359
15360
15391
15392
15393
15394
15395
15396
15397
15398
15399
15400
15431
15432
15433
15434
15435
15436
15437
15438
15439
15440
15471
15472
15473
15474
15475
15476
15477
15478
15479
15480
15511
15512
15513
15514
15515
15516
15517
15518
15519
15520
15551
15552
15553
15554
15555
15556
15557
15558
15559
15560
15591
15592
15593
15594
15595
15596
15597
15598
15599
15600
15631
15632
15633
15634
15635
15636
15637
15638
15639
15640
15671
15672
15673
15674
15675
15676
15677
15678
15679
15680
15711
15712
15713
15714
15715
15716
15717
15718
15719
15720
15751
15752
15753
15754
15755
15756
15757
15758
15759
15760
15791
15792
15793
15794
15795
15796
15797
15798
15799
15800
15831
15832
15833
15834
15835
15836
15837
15838
15839
15840
15871
15872
15873
15874
15875
15876
15877
15878
15879
15880
15911
15912
15913
15914
15915
15916
15917
15918
15919
15920
15951
15952
15953
15954
15955
15956
15957
15958
15959
15960
15991
15992
15993
15994
15995
15996
15997
15998
15999
16000
16031
16032
16033
16034
16035
16036
16037
16038
16039
16040
16071
16072
16073
16074
16075
16076
16077
16078
16079
16080
16111
16112
16113
16114
16115
16116
16117
16118
16119
16120
-1893
-1895
-1897
-1899
-1901
-1903
-1905
-1907
-1909
-1911
-1913
-1915
-1917
-1919
-1921
-1923
-1925
-1927
-1929
-1931
-1933
-1935
-1937
-1939
-1941
-1943
-1945
-1947
-1949
-1951
-1953
-1955
-1957
-1959
-1961
-1963
-1965
-1967
-1969
-1971
-1973
-1975
-1977
-1979
-1981
-1983
-1985
-1987
-1989
-1990
-2089
-2288
-2487
-2686
-2885
-3084
-3283
-3482
-3681
-3880
3883
3885
3887
3889
3891
3893
3895
3897
3899
3901
3903
3905
3907
3909
3911
3913
3915
3917
3919
3921
3923
3925
3927
3929
3931
3933
3935
3937
3939
3941
3943
3945
3947
3949
3951
3953
3955
3957
3959
3961
3963
3965
3967
3969
3971
3973
3975
3977
3979
3980
)


// ************************************************************************* //
