/*--------------------------------*- C++ -*----------------------------------*\
  =========                 |
  \\      /  F ield         | OpenFOAM: The Open Source CFD Toolbox
   \\    /   O peration     | Website:  https://openfoam.org
    \\  /    A nd           | Version:  6
     \\/     M anipulation  |
\*---------------------------------------------------------------------------*/
FoamFile
{
    version     2.0;
    format      ascii;
    class       labelList;
    location    "constant/polyMesh";
    object      faceProcAddressing;
}
// * * * * * * * * * * * * * * * * * * * * * * * * * * * * * * * * * * * * * //


2060
(
6071
6072
6073
6074
6075
6076
6077
6078
6079
6080
6081
6082
6083
6084
6085
6086
6087
6088
6089
6090
6091
6092
6093
6094
6095
6096
6097
6098
6099
6100
6101
6102
6103
6104
6105
6106
6107
6108
6109
6110
6111
6112
6113
6114
6115
6116
6117
6118
6119
6120
6121
6122
6123
6124
6125
6126
6127
6128
6129
6130
6131
6132
6133
6134
6135
6136
6137
6138
6139
6140
6141
6142
6143
6144
6145
6146
6147
6148
6149
6150
6151
6152
6153
6154
6155
6156
6157
6158
6159
6160
6161
6162
6163
6164
6165
6166
6167
6168
6169
6270
6271
6272
6273
6274
6275
6276
6277
6278
6279
6280
6281
6282
6283
6284
6285
6286
6287
6288
6289
6290
6291
6292
6293
6294
6295
6296
6297
6298
6299
6300
6301
6302
6303
6304
6305
6306
6307
6308
6309
6310
6311
6312
6313
6314
6315
6316
6317
6318
6319
6320
6321
6322
6323
6324
6325
6326
6327
6328
6329
6330
6331
6332
6333
6334
6335
6336
6337
6338
6339
6340
6341
6342
6343
6344
6345
6346
6347
6348
6349
6350
6351
6352
6353
6354
6355
6356
6357
6358
6359
6360
6361
6362
6363
6364
6365
6366
6367
6368
6469
6470
6471
6472
6473
6474
6475
6476
6477
6478
6479
6480
6481
6482
6483
6484
6485
6486
6487
6488
6489
6490
6491
6492
6493
6494
6495
6496
6497
6498
6499
6500
6501
6502
6503
6504
6505
6506
6507
6508
6509
6510
6511
6512
6513
6514
6515
6516
6517
6518
6519
6520
6521
6522
6523
6524
6525
6526
6527
6528
6529
6530
6531
6532
6533
6534
6535
6536
6537
6538
6539
6540
6541
6542
6543
6544
6545
6546
6547
6548
6549
6550
6551
6552
6553
6554
6555
6556
6557
6558
6559
6560
6561
6562
6563
6564
6565
6566
6567
6668
6669
6670
6671
6672
6673
6674
6675
6676
6677
6678
6679
6680
6681
6682
6683
6684
6685
6686
6687
6688
6689
6690
6691
6692
6693
6694
6695
6696
6697
6698
6699
6700
6701
6702
6703
6704
6705
6706
6707
6708
6709
6710
6711
6712
6713
6714
6715
6716
6717
6718
6719
6720
6721
6722
6723
6724
6725
6726
6727
6728
6729
6730
6731
6732
6733
6734
6735
6736
6737
6738
6739
6740
6741
6742
6743
6744
6745
6746
6747
6748
6749
6750
6751
6752
6753
6754
6755
6756
6757
6758
6759
6760
6761
6762
6763
6764
6765
6766
6867
6868
6869
6870
6871
6872
6873
6874
6875
6876
6877
6878
6879
6880
6881
6882
6883
6884
6885
6886
6887
6888
6889
6890
6891
6892
6893
6894
6895
6896
6897
6898
6899
6900
6901
6902
6903
6904
6905
6906
6907
6908
6909
6910
6911
6912
6913
6914
6915
6916
6917
6918
6919
6920
6921
6922
6923
6924
6925
6926
6927
6928
6929
6930
6931
6932
6933
6934
6935
6936
6937
6938
6939
6940
6941
6942
6943
6944
6945
6946
6947
6948
6949
6950
6951
6952
6953
6954
6955
6956
6957
6958
6959
6960
6961
6962
6963
6964
6965
7066
7067
7068
7069
7070
7071
7072
7073
7074
7075
7076
7077
7078
7079
7080
7081
7082
7083
7084
7085
7086
7087
7088
7089
7090
7091
7092
7093
7094
7095
7096
7097
7098
7099
7100
7101
7102
7103
7104
7105
7106
7107
7108
7109
7110
7111
7112
7113
7114
7115
7116
7117
7118
7119
7120
7121
7122
7123
7124
7125
7126
7127
7128
7129
7130
7131
7132
7133
7134
7135
7136
7137
7138
7139
7140
7141
7142
7143
7144
7145
7146
7147
7148
7149
7150
7151
7152
7153
7154
7155
7156
7157
7158
7159
7160
7161
7162
7163
7164
7265
7266
7267
7268
7269
7270
7271
7272
7273
7274
7275
7276
7277
7278
7279
7280
7281
7282
7283
7284
7285
7286
7287
7288
7289
7290
7291
7292
7293
7294
7295
7296
7297
7298
7299
7300
7301
7302
7303
7304
7305
7306
7307
7308
7309
7310
7311
7312
7313
7314
7315
7316
7317
7318
7319
7320
7321
7322
7323
7324
7325
7326
7327
7328
7329
7330
7331
7332
7333
7334
7335
7336
7337
7338
7339
7340
7341
7342
7343
7344
7345
7346
7347
7348
7349
7350
7351
7352
7353
7354
7355
7356
7357
7358
7359
7360
7361
7362
7363
7464
7465
7466
7467
7468
7469
7470
7471
7472
7473
7474
7475
7476
7477
7478
7479
7480
7481
7482
7483
7484
7485
7486
7487
7488
7489
7490
7491
7492
7493
7494
7495
7496
7497
7498
7499
7500
7501
7502
7503
7504
7505
7506
7507
7508
7509
7510
7511
7512
7513
7514
7515
7516
7517
7518
7519
7520
7521
7522
7523
7524
7525
7526
7527
7528
7529
7530
7531
7532
7533
7534
7535
7536
7537
7538
7539
7540
7541
7542
7543
7544
7545
7546
7547
7548
7549
7550
7551
7552
7553
7554
7555
7556
7557
7558
7559
7560
7561
7562
7663
7664
7665
7666
7667
7668
7669
7670
7671
7672
7673
7674
7675
7676
7677
7678
7679
7680
7681
7682
7683
7684
7685
7686
7687
7688
7689
7690
7691
7692
7693
7694
7695
7696
7697
7698
7699
7700
7701
7702
7703
7704
7705
7706
7707
7708
7709
7710
7711
7712
7713
7714
7715
7716
7717
7718
7719
7720
7721
7722
7723
7724
7725
7726
7727
7728
7729
7730
7731
7732
7733
7734
7735
7736
7737
7738
7739
7740
7741
7742
7743
7744
7745
7746
7747
7748
7749
7750
7751
7752
7753
7754
7755
7756
7757
7758
7759
7760
7761
7812
7813
7814
7815
7816
7817
7818
7819
7820
7821
7822
7823
7824
7825
7826
7827
7828
7829
7830
7831
7832
7833
7834
7835
7836
7837
7838
7839
7840
7841
7842
7843
7844
7845
7846
7847
7848
7849
7850
7851
7852
7853
7854
7855
7856
7857
7858
7859
7860
7931
7932
7933
7934
7935
7936
7937
7938
7939
7940
8091
8092
8093
8094
8095
8096
8097
8098
8099
8100
8101
8102
8103
8104
8105
8106
8107
8108
8109
8110
8111
8112
8113
8114
8115
8116
8117
8118
8119
8120
8121
8122
8123
8124
8125
8126
8127
8128
8129
8130
8131
8132
8133
8134
8135
8136
8137
8138
8139
8140
10171
10172
10173
10174
10175
10176
10177
10178
10179
10180
10211
10212
10213
10214
10215
10216
10217
10218
10219
10220
10251
10252
10253
10254
10255
10256
10257
10258
10259
10260
10291
10292
10293
10294
10295
10296
10297
10298
10299
10300
10331
10332
10333
10334
10335
10336
10337
10338
10339
10340
10371
10372
10373
10374
10375
10376
10377
10378
10379
10380
10411
10412
10413
10414
10415
10416
10417
10418
10419
10420
10451
10452
10453
10454
10455
10456
10457
10458
10459
10460
10491
10492
10493
10494
10495
10496
10497
10498
10499
10500
10531
10532
10533
10534
10535
10536
10537
10538
10539
10540
10571
10572
10573
10574
10575
10576
10577
10578
10579
10580
10611
10612
10613
10614
10615
10616
10617
10618
10619
10620
10651
10652
10653
10654
10655
10656
10657
10658
10659
10660
10691
10692
10693
10694
10695
10696
10697
10698
10699
10700
10731
10732
10733
10734
10735
10736
10737
10738
10739
10740
10771
10772
10773
10774
10775
10776
10777
10778
10779
10780
10811
10812
10813
10814
10815
10816
10817
10818
10819
10820
10851
10852
10853
10854
10855
10856
10857
10858
10859
10860
10891
10892
10893
10894
10895
10896
10897
10898
10899
10900
10931
10932
10933
10934
10935
10936
10937
10938
10939
10940
10971
10972
10973
10974
10975
10976
10977
10978
10979
10980
11011
11012
11013
11014
11015
11016
11017
11018
11019
11020
11051
11052
11053
11054
11055
11056
11057
11058
11059
11060
11091
11092
11093
11094
11095
11096
11097
11098
11099
11100
11131
11132
11133
11134
11135
11136
11137
11138
11139
11140
11171
11172
11173
11174
11175
11176
11177
11178
11179
11180
11211
11212
11213
11214
11215
11216
11217
11218
11219
11220
11251
11252
11253
11254
11255
11256
11257
11258
11259
11260
11291
11292
11293
11294
11295
11296
11297
11298
11299
11300
11331
11332
11333
11334
11335
11336
11337
11338
11339
11340
11371
11372
11373
11374
11375
11376
11377
11378
11379
11380
11411
11412
11413
11414
11415
11416
11417
11418
11419
11420
11451
11452
11453
11454
11455
11456
11457
11458
11459
11460
11491
11492
11493
11494
11495
11496
11497
11498
11499
11500
11531
11532
11533
11534
11535
11536
11537
11538
11539
11540
11571
11572
11573
11574
11575
11576
11577
11578
11579
11580
11611
11612
11613
11614
11615
11616
11617
11618
11619
11620
11651
11652
11653
11654
11655
11656
11657
11658
11659
11660
11691
11692
11693
11694
11695
11696
11697
11698
11699
11700
11731
11732
11733
11734
11735
11736
11737
11738
11739
11740
11771
11772
11773
11774
11775
11776
11777
11778
11779
11780
11811
11812
11813
11814
11815
11816
11817
11818
11819
11820
11851
11852
11853
11854
11855
11856
11857
11858
11859
11860
11891
11892
11893
11894
11895
11896
11897
11898
11899
11900
11931
11932
11933
11934
11935
11936
11937
11938
11939
11940
11971
11972
11973
11974
11975
11976
11977
11978
11979
11980
12011
12012
12013
12014
12015
12016
12017
12018
12019
12020
12051
12052
12053
12054
12055
12056
12057
12058
12059
12060
12091
12092
12093
12094
12095
12096
12097
12098
12099
12100
12131
12132
12133
12134
12135
12136
12137
12138
12139
12140
14171
14172
14173
14174
14175
14176
14177
14178
14179
14180
14211
14212
14213
14214
14215
14216
14217
14218
14219
14220
14251
14252
14253
14254
14255
14256
14257
14258
14259
14260
14291
14292
14293
14294
14295
14296
14297
14298
14299
14300
14331
14332
14333
14334
14335
14336
14337
14338
14339
14340
14371
14372
14373
14374
14375
14376
14377
14378
14379
14380
14411
14412
14413
14414
14415
14416
14417
14418
14419
14420
14451
14452
14453
14454
14455
14456
14457
14458
14459
14460
14491
14492
14493
14494
14495
14496
14497
14498
14499
14500
14531
14532
14533
14534
14535
14536
14537
14538
14539
14540
14571
14572
14573
14574
14575
14576
14577
14578
14579
14580
14611
14612
14613
14614
14615
14616
14617
14618
14619
14620
14651
14652
14653
14654
14655
14656
14657
14658
14659
14660
14691
14692
14693
14694
14695
14696
14697
14698
14699
14700
14731
14732
14733
14734
14735
14736
14737
14738
14739
14740
14771
14772
14773
14774
14775
14776
14777
14778
14779
14780
14811
14812
14813
14814
14815
14816
14817
14818
14819
14820
14851
14852
14853
14854
14855
14856
14857
14858
14859
14860
14891
14892
14893
14894
14895
14896
14897
14898
14899
14900
14931
14932
14933
14934
14935
14936
14937
14938
14939
14940
14971
14972
14973
14974
14975
14976
14977
14978
14979
14980
15011
15012
15013
15014
15015
15016
15017
15018
15019
15020
15051
15052
15053
15054
15055
15056
15057
15058
15059
15060
15091
15092
15093
15094
15095
15096
15097
15098
15099
15100
15131
15132
15133
15134
15135
15136
15137
15138
15139
15140
15171
15172
15173
15174
15175
15176
15177
15178
15179
15180
15211
15212
15213
15214
15215
15216
15217
15218
15219
15220
15251
15252
15253
15254
15255
15256
15257
15258
15259
15260
15291
15292
15293
15294
15295
15296
15297
15298
15299
15300
15331
15332
15333
15334
15335
15336
15337
15338
15339
15340
15371
15372
15373
15374
15375
15376
15377
15378
15379
15380
15411
15412
15413
15414
15415
15416
15417
15418
15419
15420
15451
15452
15453
15454
15455
15456
15457
15458
15459
15460
15491
15492
15493
15494
15495
15496
15497
15498
15499
15500
15531
15532
15533
15534
15535
15536
15537
15538
15539
15540
15571
15572
15573
15574
15575
15576
15577
15578
15579
15580
15611
15612
15613
15614
15615
15616
15617
15618
15619
15620
15651
15652
15653
15654
15655
15656
15657
15658
15659
15660
15691
15692
15693
15694
15695
15696
15697
15698
15699
15700
15731
15732
15733
15734
15735
15736
15737
15738
15739
15740
15771
15772
15773
15774
15775
15776
15777
15778
15779
15780
15811
15812
15813
15814
15815
15816
15817
15818
15819
15820
15851
15852
15853
15854
15855
15856
15857
15858
15859
15860
15891
15892
15893
15894
15895
15896
15897
15898
15899
15900
15931
15932
15933
15934
15935
15936
15937
15938
15939
15940
15971
15972
15973
15974
15975
15976
15977
15978
15979
15980
16011
16012
16013
16014
16015
16016
16017
16018
16019
16020
16051
16052
16053
16054
16055
16056
16057
16058
16059
16060
16091
16092
16093
16094
16095
16096
16097
16098
16099
16100
16131
16132
16133
16134
16135
16136
16137
16138
16139
16140
-5873
-5875
-5877
-5879
-5881
-5883
-5885
-5887
-5889
-5891
-5893
-5895
-5897
-5899
-5901
-5903
-5905
-5907
-5909
-5911
-5913
-5915
-5917
-5919
-5921
-5923
-5925
-5927
-5929
-5931
-5933
-5935
-5937
-5939
-5941
-5943
-5945
-5947
-5949
-5951
-5953
-5955
-5957
-5959
-5961
-5963
-5965
-5967
-5969
-5970
-6069
-6268
-6467
-6666
-6865
-7064
-7263
-7462
-7661
-7811
)


// ************************************************************************* //
