/*--------------------------------*- C++ -*----------------------------------*\
  =========                 |
  \\      /  F ield         | OpenFOAM: The Open Source CFD Toolbox
   \\    /   O peration     | Website:  https://openfoam.org
    \\  /    A nd           | Version:  6
     \\/     M anipulation  |
\*---------------------------------------------------------------------------*/
FoamFile
{
    version     2.0;
    format      ascii;
    class       vectorField;
    location    "constant/polyMesh";
    object      points;
}
// * * * * * * * * * * * * * * * * * * * * * * * * * * * * * * * * * * * * * //


1122
(
(0.01 0.005 -0.01)
(0.0102 0.005 -0.01)
(0.0104 0.005 -0.01)
(0.0106 0.005 -0.01)
(0.0108 0.005 -0.01)
(0.011 0.005 -0.01)
(0.0112 0.005 -0.01)
(0.0114 0.005 -0.01)
(0.0116 0.005 -0.01)
(0.0118 0.005 -0.01)
(0.012 0.005 -0.01)
(0.0122 0.005 -0.01)
(0.0124 0.005 -0.01)
(0.0126 0.005 -0.01)
(0.0128 0.005 -0.01)
(0.013 0.005 -0.01)
(0.0132 0.005 -0.01)
(0.0134 0.005 -0.01)
(0.0136 0.005 -0.01)
(0.0138 0.005 -0.01)
(0.014 0.005 -0.01)
(0.0142 0.005 -0.01)
(0.0144 0.005 -0.01)
(0.0146 0.005 -0.01)
(0.0148 0.005 -0.01)
(0.015 0.005 -0.01)
(0.0152 0.005 -0.01)
(0.0154 0.005 -0.01)
(0.0156 0.005 -0.01)
(0.0158 0.005 -0.01)
(0.016 0.005 -0.01)
(0.0162 0.005 -0.01)
(0.0164 0.005 -0.01)
(0.0166 0.005 -0.01)
(0.0168 0.005 -0.01)
(0.017 0.005 -0.01)
(0.0172 0.005 -0.01)
(0.0174 0.005 -0.01)
(0.0176 0.005 -0.01)
(0.0178 0.005 -0.01)
(0.018 0.005 -0.01)
(0.0182 0.005 -0.01)
(0.0184 0.005 -0.01)
(0.0186 0.005 -0.01)
(0.0188 0.005 -0.01)
(0.019 0.005 -0.01)
(0.0192 0.005 -0.01)
(0.0194 0.005 -0.01)
(0.0196 0.005 -0.01)
(0.0198 0.005 -0.01)
(0.02 0.005 -0.01)
(0.01 0.0055 -0.01)
(0.0102 0.0055 -0.01)
(0.0104 0.0055 -0.01)
(0.0106 0.0055 -0.01)
(0.0108 0.0055 -0.01)
(0.011 0.0055 -0.01)
(0.0112 0.0055 -0.01)
(0.0114 0.0055 -0.01)
(0.0116 0.0055 -0.01)
(0.0118 0.0055 -0.01)
(0.012 0.0055 -0.01)
(0.0122 0.0055 -0.01)
(0.0124 0.0055 -0.01)
(0.0126 0.0055 -0.01)
(0.0128 0.0055 -0.01)
(0.013 0.0055 -0.01)
(0.0132 0.0055 -0.01)
(0.0134 0.0055 -0.01)
(0.0136 0.0055 -0.01)
(0.0138 0.0055 -0.01)
(0.014 0.0055 -0.01)
(0.0142 0.0055 -0.01)
(0.0144 0.0055 -0.01)
(0.0146 0.0055 -0.01)
(0.0148 0.0055 -0.01)
(0.015 0.0055 -0.01)
(0.0152 0.0055 -0.01)
(0.0154 0.0055 -0.01)
(0.0156 0.0055 -0.01)
(0.0158 0.0055 -0.01)
(0.016 0.0055 -0.01)
(0.0162 0.0055 -0.01)
(0.0164 0.0055 -0.01)
(0.0166 0.0055 -0.01)
(0.0168 0.0055 -0.01)
(0.017 0.0055 -0.01)
(0.0172 0.0055 -0.01)
(0.0174 0.0055 -0.01)
(0.0176 0.0055 -0.01)
(0.0178 0.0055 -0.01)
(0.018 0.0055 -0.01)
(0.0182 0.0055 -0.01)
(0.0184 0.0055 -0.01)
(0.0186 0.0055 -0.01)
(0.0188 0.0055 -0.01)
(0.019 0.0055 -0.01)
(0.0192 0.0055 -0.01)
(0.0194 0.0055 -0.01)
(0.0196 0.0055 -0.01)
(0.0198 0.0055 -0.01)
(0.02 0.0055 -0.01)
(0.01 0.006 -0.01)
(0.0102 0.006 -0.01)
(0.0104 0.006 -0.01)
(0.0106 0.006 -0.01)
(0.0108 0.006 -0.01)
(0.011 0.006 -0.01)
(0.0112 0.006 -0.01)
(0.0114 0.006 -0.01)
(0.0116 0.006 -0.01)
(0.0118 0.006 -0.01)
(0.012 0.006 -0.01)
(0.0122 0.006 -0.01)
(0.0124 0.006 -0.01)
(0.0126 0.006 -0.01)
(0.0128 0.006 -0.01)
(0.013 0.006 -0.01)
(0.0132 0.006 -0.01)
(0.0134 0.006 -0.01)
(0.0136 0.006 -0.01)
(0.0138 0.006 -0.01)
(0.014 0.006 -0.01)
(0.0142 0.006 -0.01)
(0.0144 0.006 -0.01)
(0.0146 0.006 -0.01)
(0.0148 0.006 -0.01)
(0.015 0.006 -0.01)
(0.0152 0.006 -0.01)
(0.0154 0.006 -0.01)
(0.0156 0.006 -0.01)
(0.0158 0.006 -0.01)
(0.016 0.006 -0.01)
(0.0162 0.006 -0.01)
(0.0164 0.006 -0.01)
(0.0166 0.006 -0.01)
(0.0168 0.006 -0.01)
(0.017 0.006 -0.01)
(0.0172 0.006 -0.01)
(0.0174 0.006 -0.01)
(0.0176 0.006 -0.01)
(0.0178 0.006 -0.01)
(0.018 0.006 -0.01)
(0.0182 0.006 -0.01)
(0.0184 0.006 -0.01)
(0.0186 0.006 -0.01)
(0.0188 0.006 -0.01)
(0.019 0.006 -0.01)
(0.0192 0.006 -0.01)
(0.0194 0.006 -0.01)
(0.0196 0.006 -0.01)
(0.0198 0.006 -0.01)
(0.02 0.006 -0.01)
(0.01 0.0065 -0.01)
(0.0102 0.0065 -0.01)
(0.0104 0.0065 -0.01)
(0.0106 0.0065 -0.01)
(0.0108 0.0065 -0.01)
(0.011 0.0065 -0.01)
(0.0112 0.0065 -0.01)
(0.0114 0.0065 -0.01)
(0.0116 0.0065 -0.01)
(0.0118 0.0065 -0.01)
(0.012 0.0065 -0.01)
(0.0122 0.0065 -0.01)
(0.0124 0.0065 -0.01)
(0.0126 0.0065 -0.01)
(0.0128 0.0065 -0.01)
(0.013 0.0065 -0.01)
(0.0132 0.0065 -0.01)
(0.0134 0.0065 -0.01)
(0.0136 0.0065 -0.01)
(0.0138 0.0065 -0.01)
(0.014 0.0065 -0.01)
(0.0142 0.0065 -0.01)
(0.0144 0.0065 -0.01)
(0.0146 0.0065 -0.01)
(0.0148 0.0065 -0.01)
(0.015 0.0065 -0.01)
(0.0152 0.0065 -0.01)
(0.0154 0.0065 -0.01)
(0.0156 0.0065 -0.01)
(0.0158 0.0065 -0.01)
(0.016 0.0065 -0.01)
(0.0162 0.0065 -0.01)
(0.0164 0.0065 -0.01)
(0.0166 0.0065 -0.01)
(0.0168 0.0065 -0.01)
(0.017 0.0065 -0.01)
(0.0172 0.0065 -0.01)
(0.0174 0.0065 -0.01)
(0.0176 0.0065 -0.01)
(0.0178 0.0065 -0.01)
(0.018 0.0065 -0.01)
(0.0182 0.0065 -0.01)
(0.0184 0.0065 -0.01)
(0.0186 0.0065 -0.01)
(0.0188 0.0065 -0.01)
(0.019 0.0065 -0.01)
(0.0192 0.0065 -0.01)
(0.0194 0.0065 -0.01)
(0.0196 0.0065 -0.01)
(0.0198 0.0065 -0.01)
(0.02 0.0065 -0.01)
(0.01 0.007 -0.01)
(0.0102 0.007 -0.01)
(0.0104 0.007 -0.01)
(0.0106 0.007 -0.01)
(0.0108 0.007 -0.01)
(0.011 0.007 -0.01)
(0.0112 0.007 -0.01)
(0.0114 0.007 -0.01)
(0.0116 0.007 -0.01)
(0.0118 0.007 -0.01)
(0.012 0.007 -0.01)
(0.0122 0.007 -0.01)
(0.0124 0.007 -0.01)
(0.0126 0.007 -0.01)
(0.0128 0.007 -0.01)
(0.013 0.007 -0.01)
(0.0132 0.007 -0.01)
(0.0134 0.007 -0.01)
(0.0136 0.007 -0.01)
(0.0138 0.007 -0.01)
(0.014 0.007 -0.01)
(0.0142 0.007 -0.01)
(0.0144 0.007 -0.01)
(0.0146 0.007 -0.01)
(0.0148 0.007 -0.01)
(0.015 0.007 -0.01)
(0.0152 0.007 -0.01)
(0.0154 0.007 -0.01)
(0.0156 0.007 -0.01)
(0.0158 0.007 -0.01)
(0.016 0.007 -0.01)
(0.0162 0.007 -0.01)
(0.0164 0.007 -0.01)
(0.0166 0.007 -0.01)
(0.0168 0.007 -0.01)
(0.017 0.007 -0.01)
(0.0172 0.007 -0.01)
(0.0174 0.007 -0.01)
(0.0176 0.007 -0.01)
(0.0178 0.007 -0.01)
(0.018 0.007 -0.01)
(0.0182 0.007 -0.01)
(0.0184 0.007 -0.01)
(0.0186 0.007 -0.01)
(0.0188 0.007 -0.01)
(0.019 0.007 -0.01)
(0.0192 0.007 -0.01)
(0.0194 0.007 -0.01)
(0.0196 0.007 -0.01)
(0.0198 0.007 -0.01)
(0.02 0.007 -0.01)
(0.01 0.0075 -0.01)
(0.0102 0.0075 -0.01)
(0.0104 0.0075 -0.01)
(0.0106 0.0075 -0.01)
(0.0108 0.0075 -0.01)
(0.011 0.0075 -0.01)
(0.0112 0.0075 -0.01)
(0.0114 0.0075 -0.01)
(0.0116 0.0075 -0.01)
(0.0118 0.0075 -0.01)
(0.012 0.0075 -0.01)
(0.0122 0.0075 -0.01)
(0.0124 0.0075 -0.01)
(0.0126 0.0075 -0.01)
(0.0128 0.0075 -0.01)
(0.013 0.0075 -0.01)
(0.0132 0.0075 -0.01)
(0.0134 0.0075 -0.01)
(0.0136 0.0075 -0.01)
(0.0138 0.0075 -0.01)
(0.014 0.0075 -0.01)
(0.0142 0.0075 -0.01)
(0.0144 0.0075 -0.01)
(0.0146 0.0075 -0.01)
(0.0148 0.0075 -0.01)
(0.015 0.0075 -0.01)
(0.0152 0.0075 -0.01)
(0.0154 0.0075 -0.01)
(0.0156 0.0075 -0.01)
(0.0158 0.0075 -0.01)
(0.016 0.0075 -0.01)
(0.0162 0.0075 -0.01)
(0.0164 0.0075 -0.01)
(0.0166 0.0075 -0.01)
(0.0168 0.0075 -0.01)
(0.017 0.0075 -0.01)
(0.0172 0.0075 -0.01)
(0.0174 0.0075 -0.01)
(0.0176 0.0075 -0.01)
(0.0178 0.0075 -0.01)
(0.018 0.0075 -0.01)
(0.0182 0.0075 -0.01)
(0.0184 0.0075 -0.01)
(0.0186 0.0075 -0.01)
(0.0188 0.0075 -0.01)
(0.019 0.0075 -0.01)
(0.0192 0.0075 -0.01)
(0.0194 0.0075 -0.01)
(0.0196 0.0075 -0.01)
(0.0198 0.0075 -0.01)
(0.02 0.0075 -0.01)
(0.01 0.008 -0.01)
(0.0102 0.008 -0.01)
(0.0104 0.008 -0.01)
(0.0106 0.008 -0.01)
(0.0108 0.008 -0.01)
(0.011 0.008 -0.01)
(0.0112 0.008 -0.01)
(0.0114 0.008 -0.01)
(0.0116 0.008 -0.01)
(0.0118 0.008 -0.01)
(0.012 0.008 -0.01)
(0.0122 0.008 -0.01)
(0.0124 0.008 -0.01)
(0.0126 0.008 -0.01)
(0.0128 0.008 -0.01)
(0.013 0.008 -0.01)
(0.0132 0.008 -0.01)
(0.0134 0.008 -0.01)
(0.0136 0.008 -0.01)
(0.0138 0.008 -0.01)
(0.014 0.008 -0.01)
(0.0142 0.008 -0.01)
(0.0144 0.008 -0.01)
(0.0146 0.008 -0.01)
(0.0148 0.008 -0.01)
(0.015 0.008 -0.01)
(0.0152 0.008 -0.01)
(0.0154 0.008 -0.01)
(0.0156 0.008 -0.01)
(0.0158 0.008 -0.01)
(0.016 0.008 -0.01)
(0.0162 0.008 -0.01)
(0.0164 0.008 -0.01)
(0.0166 0.008 -0.01)
(0.0168 0.008 -0.01)
(0.017 0.008 -0.01)
(0.0172 0.008 -0.01)
(0.0174 0.008 -0.01)
(0.0176 0.008 -0.01)
(0.0178 0.008 -0.01)
(0.018 0.008 -0.01)
(0.0182 0.008 -0.01)
(0.0184 0.008 -0.01)
(0.0186 0.008 -0.01)
(0.0188 0.008 -0.01)
(0.019 0.008 -0.01)
(0.0192 0.008 -0.01)
(0.0194 0.008 -0.01)
(0.0196 0.008 -0.01)
(0.0198 0.008 -0.01)
(0.02 0.008 -0.01)
(0.01 0.0085 -0.01)
(0.0102 0.0085 -0.01)
(0.0104 0.0085 -0.01)
(0.0106 0.0085 -0.01)
(0.0108 0.0085 -0.01)
(0.011 0.0085 -0.01)
(0.0112 0.0085 -0.01)
(0.0114 0.0085 -0.01)
(0.0116 0.0085 -0.01)
(0.0118 0.0085 -0.01)
(0.012 0.0085 -0.01)
(0.0122 0.0085 -0.01)
(0.0124 0.0085 -0.01)
(0.0126 0.0085 -0.01)
(0.0128 0.0085 -0.01)
(0.013 0.0085 -0.01)
(0.0132 0.0085 -0.01)
(0.0134 0.0085 -0.01)
(0.0136 0.0085 -0.01)
(0.0138 0.0085 -0.01)
(0.014 0.0085 -0.01)
(0.0142 0.0085 -0.01)
(0.0144 0.0085 -0.01)
(0.0146 0.0085 -0.01)
(0.0148 0.0085 -0.01)
(0.015 0.0085 -0.01)
(0.0152 0.0085 -0.01)
(0.0154 0.0085 -0.01)
(0.0156 0.0085 -0.01)
(0.0158 0.0085 -0.01)
(0.016 0.0085 -0.01)
(0.0162 0.0085 -0.01)
(0.0164 0.0085 -0.01)
(0.0166 0.0085 -0.01)
(0.0168 0.0085 -0.01)
(0.017 0.0085 -0.01)
(0.0172 0.0085 -0.01)
(0.0174 0.0085 -0.01)
(0.0176 0.0085 -0.01)
(0.0178 0.0085 -0.01)
(0.018 0.0085 -0.01)
(0.0182 0.0085 -0.01)
(0.0184 0.0085 -0.01)
(0.0186 0.0085 -0.01)
(0.0188 0.0085 -0.01)
(0.019 0.0085 -0.01)
(0.0192 0.0085 -0.01)
(0.0194 0.0085 -0.01)
(0.0196 0.0085 -0.01)
(0.0198 0.0085 -0.01)
(0.02 0.0085 -0.01)
(0.01 0.009 -0.01)
(0.0102 0.009 -0.01)
(0.0104 0.009 -0.01)
(0.0106 0.009 -0.01)
(0.0108 0.009 -0.01)
(0.011 0.009 -0.01)
(0.0112 0.009 -0.01)
(0.0114 0.009 -0.01)
(0.0116 0.009 -0.01)
(0.0118 0.009 -0.01)
(0.012 0.009 -0.01)
(0.0122 0.009 -0.01)
(0.0124 0.009 -0.01)
(0.0126 0.009 -0.01)
(0.0128 0.009 -0.01)
(0.013 0.009 -0.01)
(0.0132 0.009 -0.01)
(0.0134 0.009 -0.01)
(0.0136 0.009 -0.01)
(0.0138 0.009 -0.01)
(0.014 0.009 -0.01)
(0.0142 0.009 -0.01)
(0.0144 0.009 -0.01)
(0.0146 0.009 -0.01)
(0.0148 0.009 -0.01)
(0.015 0.009 -0.01)
(0.0152 0.009 -0.01)
(0.0154 0.009 -0.01)
(0.0156 0.009 -0.01)
(0.0158 0.009 -0.01)
(0.016 0.009 -0.01)
(0.0162 0.009 -0.01)
(0.0164 0.009 -0.01)
(0.0166 0.009 -0.01)
(0.0168 0.009 -0.01)
(0.017 0.009 -0.01)
(0.0172 0.009 -0.01)
(0.0174 0.009 -0.01)
(0.0176 0.009 -0.01)
(0.0178 0.009 -0.01)
(0.018 0.009 -0.01)
(0.0182 0.009 -0.01)
(0.0184 0.009 -0.01)
(0.0186 0.009 -0.01)
(0.0188 0.009 -0.01)
(0.019 0.009 -0.01)
(0.0192 0.009 -0.01)
(0.0194 0.009 -0.01)
(0.0196 0.009 -0.01)
(0.0198 0.009 -0.01)
(0.02 0.009 -0.01)
(0.01 0.0095 -0.01)
(0.0102 0.0095 -0.01)
(0.0104 0.0095 -0.01)
(0.0106 0.0095 -0.01)
(0.0108 0.0095 -0.01)
(0.011 0.0095 -0.01)
(0.0112 0.0095 -0.01)
(0.0114 0.0095 -0.01)
(0.0116 0.0095 -0.01)
(0.0118 0.0095 -0.01)
(0.012 0.0095 -0.01)
(0.0122 0.0095 -0.01)
(0.0124 0.0095 -0.01)
(0.0126 0.0095 -0.01)
(0.0128 0.0095 -0.01)
(0.013 0.0095 -0.01)
(0.0132 0.0095 -0.01)
(0.0134 0.0095 -0.01)
(0.0136 0.0095 -0.01)
(0.0138 0.0095 -0.01)
(0.014 0.0095 -0.01)
(0.0142 0.0095 -0.01)
(0.0144 0.0095 -0.01)
(0.0146 0.0095 -0.01)
(0.0148 0.0095 -0.01)
(0.015 0.0095 -0.01)
(0.0152 0.0095 -0.01)
(0.0154 0.0095 -0.01)
(0.0156 0.0095 -0.01)
(0.0158 0.0095 -0.01)
(0.016 0.0095 -0.01)
(0.0162 0.0095 -0.01)
(0.0164 0.0095 -0.01)
(0.0166 0.0095 -0.01)
(0.0168 0.0095 -0.01)
(0.017 0.0095 -0.01)
(0.0172 0.0095 -0.01)
(0.0174 0.0095 -0.01)
(0.0176 0.0095 -0.01)
(0.0178 0.0095 -0.01)
(0.018 0.0095 -0.01)
(0.0182 0.0095 -0.01)
(0.0184 0.0095 -0.01)
(0.0186 0.0095 -0.01)
(0.0188 0.0095 -0.01)
(0.019 0.0095 -0.01)
(0.0192 0.0095 -0.01)
(0.0194 0.0095 -0.01)
(0.0196 0.0095 -0.01)
(0.0198 0.0095 -0.01)
(0.02 0.0095 -0.01)
(0.01 0.01 -0.01)
(0.0102 0.01 -0.01)
(0.0104 0.01 -0.01)
(0.0106 0.01 -0.01)
(0.0108 0.01 -0.01)
(0.011 0.01 -0.01)
(0.0112 0.01 -0.01)
(0.0114 0.01 -0.01)
(0.0116 0.01 -0.01)
(0.0118 0.01 -0.01)
(0.012 0.01 -0.01)
(0.0122 0.01 -0.01)
(0.0124 0.01 -0.01)
(0.0126 0.01 -0.01)
(0.0128 0.01 -0.01)
(0.013 0.01 -0.01)
(0.0132 0.01 -0.01)
(0.0134 0.01 -0.01)
(0.0136 0.01 -0.01)
(0.0138 0.01 -0.01)
(0.014 0.01 -0.01)
(0.0142 0.01 -0.01)
(0.0144 0.01 -0.01)
(0.0146 0.01 -0.01)
(0.0148 0.01 -0.01)
(0.015 0.01 -0.01)
(0.0152 0.01 -0.01)
(0.0154 0.01 -0.01)
(0.0156 0.01 -0.01)
(0.0158 0.01 -0.01)
(0.016 0.01 -0.01)
(0.0162 0.01 -0.01)
(0.0164 0.01 -0.01)
(0.0166 0.01 -0.01)
(0.0168 0.01 -0.01)
(0.017 0.01 -0.01)
(0.0172 0.01 -0.01)
(0.0174 0.01 -0.01)
(0.0176 0.01 -0.01)
(0.0178 0.01 -0.01)
(0.018 0.01 -0.01)
(0.0182 0.01 -0.01)
(0.0184 0.01 -0.01)
(0.0186 0.01 -0.01)
(0.0188 0.01 -0.01)
(0.019 0.01 -0.01)
(0.0192 0.01 -0.01)
(0.0194 0.01 -0.01)
(0.0196 0.01 -0.01)
(0.0198 0.01 -0.01)
(0.02 0.01 -0.01)
(0.01 0.005 0.01)
(0.0102 0.005 0.01)
(0.0104 0.005 0.01)
(0.0106 0.005 0.01)
(0.0108 0.005 0.01)
(0.011 0.005 0.01)
(0.0112 0.005 0.01)
(0.0114 0.005 0.01)
(0.0116 0.005 0.01)
(0.0118 0.005 0.01)
(0.012 0.005 0.01)
(0.0122 0.005 0.01)
(0.0124 0.005 0.01)
(0.0126 0.005 0.01)
(0.0128 0.005 0.01)
(0.013 0.005 0.01)
(0.0132 0.005 0.01)
(0.0134 0.005 0.01)
(0.0136 0.005 0.01)
(0.0138 0.005 0.01)
(0.014 0.005 0.01)
(0.0142 0.005 0.01)
(0.0144 0.005 0.01)
(0.0146 0.005 0.01)
(0.0148 0.005 0.01)
(0.015 0.005 0.01)
(0.0152 0.005 0.01)
(0.0154 0.005 0.01)
(0.0156 0.005 0.01)
(0.0158 0.005 0.01)
(0.016 0.005 0.01)
(0.0162 0.005 0.01)
(0.0164 0.005 0.01)
(0.0166 0.005 0.01)
(0.0168 0.005 0.01)
(0.017 0.005 0.01)
(0.0172 0.005 0.01)
(0.0174 0.005 0.01)
(0.0176 0.005 0.01)
(0.0178 0.005 0.01)
(0.018 0.005 0.01)
(0.0182 0.005 0.01)
(0.0184 0.005 0.01)
(0.0186 0.005 0.01)
(0.0188 0.005 0.01)
(0.019 0.005 0.01)
(0.0192 0.005 0.01)
(0.0194 0.005 0.01)
(0.0196 0.005 0.01)
(0.0198 0.005 0.01)
(0.02 0.005 0.01)
(0.01 0.0055 0.01)
(0.0102 0.0055 0.01)
(0.0104 0.0055 0.01)
(0.0106 0.0055 0.01)
(0.0108 0.0055 0.01)
(0.011 0.0055 0.01)
(0.0112 0.0055 0.01)
(0.0114 0.0055 0.01)
(0.0116 0.0055 0.01)
(0.0118 0.0055 0.01)
(0.012 0.0055 0.01)
(0.0122 0.0055 0.01)
(0.0124 0.0055 0.01)
(0.0126 0.0055 0.01)
(0.0128 0.0055 0.01)
(0.013 0.0055 0.01)
(0.0132 0.0055 0.01)
(0.0134 0.0055 0.01)
(0.0136 0.0055 0.01)
(0.0138 0.0055 0.01)
(0.014 0.0055 0.01)
(0.0142 0.0055 0.01)
(0.0144 0.0055 0.01)
(0.0146 0.0055 0.01)
(0.0148 0.0055 0.01)
(0.015 0.0055 0.01)
(0.0152 0.0055 0.01)
(0.0154 0.0055 0.01)
(0.0156 0.0055 0.01)
(0.0158 0.0055 0.01)
(0.016 0.0055 0.01)
(0.0162 0.0055 0.01)
(0.0164 0.0055 0.01)
(0.0166 0.0055 0.01)
(0.0168 0.0055 0.01)
(0.017 0.0055 0.01)
(0.0172 0.0055 0.01)
(0.0174 0.0055 0.01)
(0.0176 0.0055 0.01)
(0.0178 0.0055 0.01)
(0.018 0.0055 0.01)
(0.0182 0.0055 0.01)
(0.0184 0.0055 0.01)
(0.0186 0.0055 0.01)
(0.0188 0.0055 0.01)
(0.019 0.0055 0.01)
(0.0192 0.0055 0.01)
(0.0194 0.0055 0.01)
(0.0196 0.0055 0.01)
(0.0198 0.0055 0.01)
(0.02 0.0055 0.01)
(0.01 0.006 0.01)
(0.0102 0.006 0.01)
(0.0104 0.006 0.01)
(0.0106 0.006 0.01)
(0.0108 0.006 0.01)
(0.011 0.006 0.01)
(0.0112 0.006 0.01)
(0.0114 0.006 0.01)
(0.0116 0.006 0.01)
(0.0118 0.006 0.01)
(0.012 0.006 0.01)
(0.0122 0.006 0.01)
(0.0124 0.006 0.01)
(0.0126 0.006 0.01)
(0.0128 0.006 0.01)
(0.013 0.006 0.01)
(0.0132 0.006 0.01)
(0.0134 0.006 0.01)
(0.0136 0.006 0.01)
(0.0138 0.006 0.01)
(0.014 0.006 0.01)
(0.0142 0.006 0.01)
(0.0144 0.006 0.01)
(0.0146 0.006 0.01)
(0.0148 0.006 0.01)
(0.015 0.006 0.01)
(0.0152 0.006 0.01)
(0.0154 0.006 0.01)
(0.0156 0.006 0.01)
(0.0158 0.006 0.01)
(0.016 0.006 0.01)
(0.0162 0.006 0.01)
(0.0164 0.006 0.01)
(0.0166 0.006 0.01)
(0.0168 0.006 0.01)
(0.017 0.006 0.01)
(0.0172 0.006 0.01)
(0.0174 0.006 0.01)
(0.0176 0.006 0.01)
(0.0178 0.006 0.01)
(0.018 0.006 0.01)
(0.0182 0.006 0.01)
(0.0184 0.006 0.01)
(0.0186 0.006 0.01)
(0.0188 0.006 0.01)
(0.019 0.006 0.01)
(0.0192 0.006 0.01)
(0.0194 0.006 0.01)
(0.0196 0.006 0.01)
(0.0198 0.006 0.01)
(0.02 0.006 0.01)
(0.01 0.0065 0.01)
(0.0102 0.0065 0.01)
(0.0104 0.0065 0.01)
(0.0106 0.0065 0.01)
(0.0108 0.0065 0.01)
(0.011 0.0065 0.01)
(0.0112 0.0065 0.01)
(0.0114 0.0065 0.01)
(0.0116 0.0065 0.01)
(0.0118 0.0065 0.01)
(0.012 0.0065 0.01)
(0.0122 0.0065 0.01)
(0.0124 0.0065 0.01)
(0.0126 0.0065 0.01)
(0.0128 0.0065 0.01)
(0.013 0.0065 0.01)
(0.0132 0.0065 0.01)
(0.0134 0.0065 0.01)
(0.0136 0.0065 0.01)
(0.0138 0.0065 0.01)
(0.014 0.0065 0.01)
(0.0142 0.0065 0.01)
(0.0144 0.0065 0.01)
(0.0146 0.0065 0.01)
(0.0148 0.0065 0.01)
(0.015 0.0065 0.01)
(0.0152 0.0065 0.01)
(0.0154 0.0065 0.01)
(0.0156 0.0065 0.01)
(0.0158 0.0065 0.01)
(0.016 0.0065 0.01)
(0.0162 0.0065 0.01)
(0.0164 0.0065 0.01)
(0.0166 0.0065 0.01)
(0.0168 0.0065 0.01)
(0.017 0.0065 0.01)
(0.0172 0.0065 0.01)
(0.0174 0.0065 0.01)
(0.0176 0.0065 0.01)
(0.0178 0.0065 0.01)
(0.018 0.0065 0.01)
(0.0182 0.0065 0.01)
(0.0184 0.0065 0.01)
(0.0186 0.0065 0.01)
(0.0188 0.0065 0.01)
(0.019 0.0065 0.01)
(0.0192 0.0065 0.01)
(0.0194 0.0065 0.01)
(0.0196 0.0065 0.01)
(0.0198 0.0065 0.01)
(0.02 0.0065 0.01)
(0.01 0.007 0.01)
(0.0102 0.007 0.01)
(0.0104 0.007 0.01)
(0.0106 0.007 0.01)
(0.0108 0.007 0.01)
(0.011 0.007 0.01)
(0.0112 0.007 0.01)
(0.0114 0.007 0.01)
(0.0116 0.007 0.01)
(0.0118 0.007 0.01)
(0.012 0.007 0.01)
(0.0122 0.007 0.01)
(0.0124 0.007 0.01)
(0.0126 0.007 0.01)
(0.0128 0.007 0.01)
(0.013 0.007 0.01)
(0.0132 0.007 0.01)
(0.0134 0.007 0.01)
(0.0136 0.007 0.01)
(0.0138 0.007 0.01)
(0.014 0.007 0.01)
(0.0142 0.007 0.01)
(0.0144 0.007 0.01)
(0.0146 0.007 0.01)
(0.0148 0.007 0.01)
(0.015 0.007 0.01)
(0.0152 0.007 0.01)
(0.0154 0.007 0.01)
(0.0156 0.007 0.01)
(0.0158 0.007 0.01)
(0.016 0.007 0.01)
(0.0162 0.007 0.01)
(0.0164 0.007 0.01)
(0.0166 0.007 0.01)
(0.0168 0.007 0.01)
(0.017 0.007 0.01)
(0.0172 0.007 0.01)
(0.0174 0.007 0.01)
(0.0176 0.007 0.01)
(0.0178 0.007 0.01)
(0.018 0.007 0.01)
(0.0182 0.007 0.01)
(0.0184 0.007 0.01)
(0.0186 0.007 0.01)
(0.0188 0.007 0.01)
(0.019 0.007 0.01)
(0.0192 0.007 0.01)
(0.0194 0.007 0.01)
(0.0196 0.007 0.01)
(0.0198 0.007 0.01)
(0.02 0.007 0.01)
(0.01 0.0075 0.01)
(0.0102 0.0075 0.01)
(0.0104 0.0075 0.01)
(0.0106 0.0075 0.01)
(0.0108 0.0075 0.01)
(0.011 0.0075 0.01)
(0.0112 0.0075 0.01)
(0.0114 0.0075 0.01)
(0.0116 0.0075 0.01)
(0.0118 0.0075 0.01)
(0.012 0.0075 0.01)
(0.0122 0.0075 0.01)
(0.0124 0.0075 0.01)
(0.0126 0.0075 0.01)
(0.0128 0.0075 0.01)
(0.013 0.0075 0.01)
(0.0132 0.0075 0.01)
(0.0134 0.0075 0.01)
(0.0136 0.0075 0.01)
(0.0138 0.0075 0.01)
(0.014 0.0075 0.01)
(0.0142 0.0075 0.01)
(0.0144 0.0075 0.01)
(0.0146 0.0075 0.01)
(0.0148 0.0075 0.01)
(0.015 0.0075 0.01)
(0.0152 0.0075 0.01)
(0.0154 0.0075 0.01)
(0.0156 0.0075 0.01)
(0.0158 0.0075 0.01)
(0.016 0.0075 0.01)
(0.0162 0.0075 0.01)
(0.0164 0.0075 0.01)
(0.0166 0.0075 0.01)
(0.0168 0.0075 0.01)
(0.017 0.0075 0.01)
(0.0172 0.0075 0.01)
(0.0174 0.0075 0.01)
(0.0176 0.0075 0.01)
(0.0178 0.0075 0.01)
(0.018 0.0075 0.01)
(0.0182 0.0075 0.01)
(0.0184 0.0075 0.01)
(0.0186 0.0075 0.01)
(0.0188 0.0075 0.01)
(0.019 0.0075 0.01)
(0.0192 0.0075 0.01)
(0.0194 0.0075 0.01)
(0.0196 0.0075 0.01)
(0.0198 0.0075 0.01)
(0.02 0.0075 0.01)
(0.01 0.008 0.01)
(0.0102 0.008 0.01)
(0.0104 0.008 0.01)
(0.0106 0.008 0.01)
(0.0108 0.008 0.01)
(0.011 0.008 0.01)
(0.0112 0.008 0.01)
(0.0114 0.008 0.01)
(0.0116 0.008 0.01)
(0.0118 0.008 0.01)
(0.012 0.008 0.01)
(0.0122 0.008 0.01)
(0.0124 0.008 0.01)
(0.0126 0.008 0.01)
(0.0128 0.008 0.01)
(0.013 0.008 0.01)
(0.0132 0.008 0.01)
(0.0134 0.008 0.01)
(0.0136 0.008 0.01)
(0.0138 0.008 0.01)
(0.014 0.008 0.01)
(0.0142 0.008 0.01)
(0.0144 0.008 0.01)
(0.0146 0.008 0.01)
(0.0148 0.008 0.01)
(0.015 0.008 0.01)
(0.0152 0.008 0.01)
(0.0154 0.008 0.01)
(0.0156 0.008 0.01)
(0.0158 0.008 0.01)
(0.016 0.008 0.01)
(0.0162 0.008 0.01)
(0.0164 0.008 0.01)
(0.0166 0.008 0.01)
(0.0168 0.008 0.01)
(0.017 0.008 0.01)
(0.0172 0.008 0.01)
(0.0174 0.008 0.01)
(0.0176 0.008 0.01)
(0.0178 0.008 0.01)
(0.018 0.008 0.01)
(0.0182 0.008 0.01)
(0.0184 0.008 0.01)
(0.0186 0.008 0.01)
(0.0188 0.008 0.01)
(0.019 0.008 0.01)
(0.0192 0.008 0.01)
(0.0194 0.008 0.01)
(0.0196 0.008 0.01)
(0.0198 0.008 0.01)
(0.02 0.008 0.01)
(0.01 0.0085 0.01)
(0.0102 0.0085 0.01)
(0.0104 0.0085 0.01)
(0.0106 0.0085 0.01)
(0.0108 0.0085 0.01)
(0.011 0.0085 0.01)
(0.0112 0.0085 0.01)
(0.0114 0.0085 0.01)
(0.0116 0.0085 0.01)
(0.0118 0.0085 0.01)
(0.012 0.0085 0.01)
(0.0122 0.0085 0.01)
(0.0124 0.0085 0.01)
(0.0126 0.0085 0.01)
(0.0128 0.0085 0.01)
(0.013 0.0085 0.01)
(0.0132 0.0085 0.01)
(0.0134 0.0085 0.01)
(0.0136 0.0085 0.01)
(0.0138 0.0085 0.01)
(0.014 0.0085 0.01)
(0.0142 0.0085 0.01)
(0.0144 0.0085 0.01)
(0.0146 0.0085 0.01)
(0.0148 0.0085 0.01)
(0.015 0.0085 0.01)
(0.0152 0.0085 0.01)
(0.0154 0.0085 0.01)
(0.0156 0.0085 0.01)
(0.0158 0.0085 0.01)
(0.016 0.0085 0.01)
(0.0162 0.0085 0.01)
(0.0164 0.0085 0.01)
(0.0166 0.0085 0.01)
(0.0168 0.0085 0.01)
(0.017 0.0085 0.01)
(0.0172 0.0085 0.01)
(0.0174 0.0085 0.01)
(0.0176 0.0085 0.01)
(0.0178 0.0085 0.01)
(0.018 0.0085 0.01)
(0.0182 0.0085 0.01)
(0.0184 0.0085 0.01)
(0.0186 0.0085 0.01)
(0.0188 0.0085 0.01)
(0.019 0.0085 0.01)
(0.0192 0.0085 0.01)
(0.0194 0.0085 0.01)
(0.0196 0.0085 0.01)
(0.0198 0.0085 0.01)
(0.02 0.0085 0.01)
(0.01 0.009 0.01)
(0.0102 0.009 0.01)
(0.0104 0.009 0.01)
(0.0106 0.009 0.01)
(0.0108 0.009 0.01)
(0.011 0.009 0.01)
(0.0112 0.009 0.01)
(0.0114 0.009 0.01)
(0.0116 0.009 0.01)
(0.0118 0.009 0.01)
(0.012 0.009 0.01)
(0.0122 0.009 0.01)
(0.0124 0.009 0.01)
(0.0126 0.009 0.01)
(0.0128 0.009 0.01)
(0.013 0.009 0.01)
(0.0132 0.009 0.01)
(0.0134 0.009 0.01)
(0.0136 0.009 0.01)
(0.0138 0.009 0.01)
(0.014 0.009 0.01)
(0.0142 0.009 0.01)
(0.0144 0.009 0.01)
(0.0146 0.009 0.01)
(0.0148 0.009 0.01)
(0.015 0.009 0.01)
(0.0152 0.009 0.01)
(0.0154 0.009 0.01)
(0.0156 0.009 0.01)
(0.0158 0.009 0.01)
(0.016 0.009 0.01)
(0.0162 0.009 0.01)
(0.0164 0.009 0.01)
(0.0166 0.009 0.01)
(0.0168 0.009 0.01)
(0.017 0.009 0.01)
(0.0172 0.009 0.01)
(0.0174 0.009 0.01)
(0.0176 0.009 0.01)
(0.0178 0.009 0.01)
(0.018 0.009 0.01)
(0.0182 0.009 0.01)
(0.0184 0.009 0.01)
(0.0186 0.009 0.01)
(0.0188 0.009 0.01)
(0.019 0.009 0.01)
(0.0192 0.009 0.01)
(0.0194 0.009 0.01)
(0.0196 0.009 0.01)
(0.0198 0.009 0.01)
(0.02 0.009 0.01)
(0.01 0.0095 0.01)
(0.0102 0.0095 0.01)
(0.0104 0.0095 0.01)
(0.0106 0.0095 0.01)
(0.0108 0.0095 0.01)
(0.011 0.0095 0.01)
(0.0112 0.0095 0.01)
(0.0114 0.0095 0.01)
(0.0116 0.0095 0.01)
(0.0118 0.0095 0.01)
(0.012 0.0095 0.01)
(0.0122 0.0095 0.01)
(0.0124 0.0095 0.01)
(0.0126 0.0095 0.01)
(0.0128 0.0095 0.01)
(0.013 0.0095 0.01)
(0.0132 0.0095 0.01)
(0.0134 0.0095 0.01)
(0.0136 0.0095 0.01)
(0.0138 0.0095 0.01)
(0.014 0.0095 0.01)
(0.0142 0.0095 0.01)
(0.0144 0.0095 0.01)
(0.0146 0.0095 0.01)
(0.0148 0.0095 0.01)
(0.015 0.0095 0.01)
(0.0152 0.0095 0.01)
(0.0154 0.0095 0.01)
(0.0156 0.0095 0.01)
(0.0158 0.0095 0.01)
(0.016 0.0095 0.01)
(0.0162 0.0095 0.01)
(0.0164 0.0095 0.01)
(0.0166 0.0095 0.01)
(0.0168 0.0095 0.01)
(0.017 0.0095 0.01)
(0.0172 0.0095 0.01)
(0.0174 0.0095 0.01)
(0.0176 0.0095 0.01)
(0.0178 0.0095 0.01)
(0.018 0.0095 0.01)
(0.0182 0.0095 0.01)
(0.0184 0.0095 0.01)
(0.0186 0.0095 0.01)
(0.0188 0.0095 0.01)
(0.019 0.0095 0.01)
(0.0192 0.0095 0.01)
(0.0194 0.0095 0.01)
(0.0196 0.0095 0.01)
(0.0198 0.0095 0.01)
(0.02 0.0095 0.01)
(0.01 0.01 0.01)
(0.0102 0.01 0.01)
(0.0104 0.01 0.01)
(0.0106 0.01 0.01)
(0.0108 0.01 0.01)
(0.011 0.01 0.01)
(0.0112 0.01 0.01)
(0.0114 0.01 0.01)
(0.0116 0.01 0.01)
(0.0118 0.01 0.01)
(0.012 0.01 0.01)
(0.0122 0.01 0.01)
(0.0124 0.01 0.01)
(0.0126 0.01 0.01)
(0.0128 0.01 0.01)
(0.013 0.01 0.01)
(0.0132 0.01 0.01)
(0.0134 0.01 0.01)
(0.0136 0.01 0.01)
(0.0138 0.01 0.01)
(0.014 0.01 0.01)
(0.0142 0.01 0.01)
(0.0144 0.01 0.01)
(0.0146 0.01 0.01)
(0.0148 0.01 0.01)
(0.015 0.01 0.01)
(0.0152 0.01 0.01)
(0.0154 0.01 0.01)
(0.0156 0.01 0.01)
(0.0158 0.01 0.01)
(0.016 0.01 0.01)
(0.0162 0.01 0.01)
(0.0164 0.01 0.01)
(0.0166 0.01 0.01)
(0.0168 0.01 0.01)
(0.017 0.01 0.01)
(0.0172 0.01 0.01)
(0.0174 0.01 0.01)
(0.0176 0.01 0.01)
(0.0178 0.01 0.01)
(0.018 0.01 0.01)
(0.0182 0.01 0.01)
(0.0184 0.01 0.01)
(0.0186 0.01 0.01)
(0.0188 0.01 0.01)
(0.019 0.01 0.01)
(0.0192 0.01 0.01)
(0.0194 0.01 0.01)
(0.0196 0.01 0.01)
(0.0198 0.01 0.01)
(0.02 0.01 0.01)
)


// ************************************************************************* //
