/*--------------------------------*- C++ -*----------------------------------*\
  =========                 |
  \\      /  F ield         | OpenFOAM: The Open Source CFD Toolbox
   \\    /   O peration     | Website:  https://openfoam.org
    \\  /    A nd           | Version:  6
     \\/     M anipulation  |
\*---------------------------------------------------------------------------*/
FoamFile
{
    version     2.0;
    format      ascii;
    class       labelList;
    location    "constant/polyMesh";
    object      faceProcAddressing;
}
// * * * * * * * * * * * * * * * * * * * * * * * * * * * * * * * * * * * * * //


2060
(
3981
3982
3983
3984
3985
3986
3987
3988
3989
3990
3991
3992
3993
3994
3995
3996
3997
3998
3999
4000
4001
4002
4003
4004
4005
4006
4007
4008
4009
4010
4011
4012
4013
4014
4015
4016
4017
4018
4019
4020
4021
4022
4023
4024
4025
4026
4027
4028
4029
4030
4031
4032
4033
4034
4035
4036
4037
4038
4039
4040
4041
4042
4043
4044
4045
4046
4047
4048
4049
4050
4051
4052
4053
4054
4055
4056
4057
4058
4059
4060
4061
4062
4063
4064
4065
4066
4067
4068
4069
4070
4071
4072
4073
4074
4075
4076
4077
4078
4080
4180
4181
4182
4183
4184
4185
4186
4187
4188
4189
4190
4191
4192
4193
4194
4195
4196
4197
4198
4199
4200
4201
4202
4203
4204
4205
4206
4207
4208
4209
4210
4211
4212
4213
4214
4215
4216
4217
4218
4219
4220
4221
4222
4223
4224
4225
4226
4227
4228
4229
4230
4231
4232
4233
4234
4235
4236
4237
4238
4239
4240
4241
4242
4243
4244
4245
4246
4247
4248
4249
4250
4251
4252
4253
4254
4255
4256
4257
4258
4259
4260
4261
4262
4263
4264
4265
4266
4267
4268
4269
4270
4271
4272
4273
4274
4275
4276
4277
4279
4379
4380
4381
4382
4383
4384
4385
4386
4387
4388
4389
4390
4391
4392
4393
4394
4395
4396
4397
4398
4399
4400
4401
4402
4403
4404
4405
4406
4407
4408
4409
4410
4411
4412
4413
4414
4415
4416
4417
4418
4419
4420
4421
4422
4423
4424
4425
4426
4427
4428
4429
4430
4431
4432
4433
4434
4435
4436
4437
4438
4439
4440
4441
4442
4443
4444
4445
4446
4447
4448
4449
4450
4451
4452
4453
4454
4455
4456
4457
4458
4459
4460
4461
4462
4463
4464
4465
4466
4467
4468
4469
4470
4471
4472
4473
4474
4475
4476
4478
4578
4579
4580
4581
4582
4583
4584
4585
4586
4587
4588
4589
4590
4591
4592
4593
4594
4595
4596
4597
4598
4599
4600
4601
4602
4603
4604
4605
4606
4607
4608
4609
4610
4611
4612
4613
4614
4615
4616
4617
4618
4619
4620
4621
4622
4623
4624
4625
4626
4627
4628
4629
4630
4631
4632
4633
4634
4635
4636
4637
4638
4639
4640
4641
4642
4643
4644
4645
4646
4647
4648
4649
4650
4651
4652
4653
4654
4655
4656
4657
4658
4659
4660
4661
4662
4663
4664
4665
4666
4667
4668
4669
4670
4671
4672
4673
4674
4675
4677
4777
4778
4779
4780
4781
4782
4783
4784
4785
4786
4787
4788
4789
4790
4791
4792
4793
4794
4795
4796
4797
4798
4799
4800
4801
4802
4803
4804
4805
4806
4807
4808
4809
4810
4811
4812
4813
4814
4815
4816
4817
4818
4819
4820
4821
4822
4823
4824
4825
4826
4827
4828
4829
4830
4831
4832
4833
4834
4835
4836
4837
4838
4839
4840
4841
4842
4843
4844
4845
4846
4847
4848
4849
4850
4851
4852
4853
4854
4855
4856
4857
4858
4859
4860
4861
4862
4863
4864
4865
4866
4867
4868
4869
4870
4871
4872
4873
4874
4876
4976
4977
4978
4979
4980
4981
4982
4983
4984
4985
4986
4987
4988
4989
4990
4991
4992
4993
4994
4995
4996
4997
4998
4999
5000
5001
5002
5003
5004
5005
5006
5007
5008
5009
5010
5011
5012
5013
5014
5015
5016
5017
5018
5019
5020
5021
5022
5023
5024
5025
5026
5027
5028
5029
5030
5031
5032
5033
5034
5035
5036
5037
5038
5039
5040
5041
5042
5043
5044
5045
5046
5047
5048
5049
5050
5051
5052
5053
5054
5055
5056
5057
5058
5059
5060
5061
5062
5063
5064
5065
5066
5067
5068
5069
5070
5071
5072
5073
5075
5175
5176
5177
5178
5179
5180
5181
5182
5183
5184
5185
5186
5187
5188
5189
5190
5191
5192
5193
5194
5195
5196
5197
5198
5199
5200
5201
5202
5203
5204
5205
5206
5207
5208
5209
5210
5211
5212
5213
5214
5215
5216
5217
5218
5219
5220
5221
5222
5223
5224
5225
5226
5227
5228
5229
5230
5231
5232
5233
5234
5235
5236
5237
5238
5239
5240
5241
5242
5243
5244
5245
5246
5247
5248
5249
5250
5251
5252
5253
5254
5255
5256
5257
5258
5259
5260
5261
5262
5263
5264
5265
5266
5267
5268
5269
5270
5271
5272
5274
5374
5375
5376
5377
5378
5379
5380
5381
5382
5383
5384
5385
5386
5387
5388
5389
5390
5391
5392
5393
5394
5395
5396
5397
5398
5399
5400
5401
5402
5403
5404
5405
5406
5407
5408
5409
5410
5411
5412
5413
5414
5415
5416
5417
5418
5419
5420
5421
5422
5423
5424
5425
5426
5427
5428
5429
5430
5431
5432
5433
5434
5435
5436
5437
5438
5439
5440
5441
5442
5443
5444
5445
5446
5447
5448
5449
5450
5451
5452
5453
5454
5455
5456
5457
5458
5459
5460
5461
5462
5463
5464
5465
5466
5467
5468
5469
5470
5471
5473
5573
5574
5575
5576
5577
5578
5579
5580
5581
5582
5583
5584
5585
5586
5587
5588
5589
5590
5591
5592
5593
5594
5595
5596
5597
5598
5599
5600
5601
5602
5603
5604
5605
5606
5607
5608
5609
5610
5611
5612
5613
5614
5615
5616
5617
5618
5619
5620
5621
5622
5623
5624
5625
5626
5627
5628
5629
5630
5631
5632
5633
5634
5635
5636
5637
5638
5639
5640
5641
5642
5643
5644
5645
5646
5647
5648
5649
5650
5651
5652
5653
5654
5655
5656
5657
5658
5659
5660
5661
5662
5663
5664
5665
5666
5667
5668
5669
5670
5672
5772
5774
5776
5778
5780
5782
5784
5786
5788
5790
5792
5794
5796
5798
5800
5802
5804
5806
5808
5810
5812
5814
5816
5818
5820
5822
5824
5826
5828
5830
5832
5834
5836
5838
5840
5842
5844
5846
5848
5850
5852
5854
5856
5858
5860
5862
5864
5866
5868
7881
7882
7883
7884
7885
7886
7887
7888
7889
7890
8161
8162
8163
8164
8165
8166
8167
8168
8169
8170
8201
8202
8203
8204
8205
8206
8207
8208
8209
8210
8241
8242
8243
8244
8245
8246
8247
8248
8249
8250
8281
8282
8283
8284
8285
8286
8287
8288
8289
8290
8321
8322
8323
8324
8325
8326
8327
8328
8329
8330
8361
8362
8363
8364
8365
8366
8367
8368
8369
8370
8401
8402
8403
8404
8405
8406
8407
8408
8409
8410
8441
8442
8443
8444
8445
8446
8447
8448
8449
8450
8481
8482
8483
8484
8485
8486
8487
8488
8489
8490
8521
8522
8523
8524
8525
8526
8527
8528
8529
8530
8561
8562
8563
8564
8565
8566
8567
8568
8569
8570
8601
8602
8603
8604
8605
8606
8607
8608
8609
8610
8641
8642
8643
8644
8645
8646
8647
8648
8649
8650
8681
8682
8683
8684
8685
8686
8687
8688
8689
8690
8721
8722
8723
8724
8725
8726
8727
8728
8729
8730
8761
8762
8763
8764
8765
8766
8767
8768
8769
8770
8801
8802
8803
8804
8805
8806
8807
8808
8809
8810
8841
8842
8843
8844
8845
8846
8847
8848
8849
8850
8881
8882
8883
8884
8885
8886
8887
8888
8889
8890
8921
8922
8923
8924
8925
8926
8927
8928
8929
8930
8961
8962
8963
8964
8965
8966
8967
8968
8969
8970
9001
9002
9003
9004
9005
9006
9007
9008
9009
9010
9041
9042
9043
9044
9045
9046
9047
9048
9049
9050
9081
9082
9083
9084
9085
9086
9087
9088
9089
9090
9121
9122
9123
9124
9125
9126
9127
9128
9129
9130
9161
9162
9163
9164
9165
9166
9167
9168
9169
9170
9201
9202
9203
9204
9205
9206
9207
9208
9209
9210
9241
9242
9243
9244
9245
9246
9247
9248
9249
9250
9281
9282
9283
9284
9285
9286
9287
9288
9289
9290
9321
9322
9323
9324
9325
9326
9327
9328
9329
9330
9361
9362
9363
9364
9365
9366
9367
9368
9369
9370
9401
9402
9403
9404
9405
9406
9407
9408
9409
9410
9441
9442
9443
9444
9445
9446
9447
9448
9449
9450
9481
9482
9483
9484
9485
9486
9487
9488
9489
9490
9521
9522
9523
9524
9525
9526
9527
9528
9529
9530
9561
9562
9563
9564
9565
9566
9567
9568
9569
9570
9601
9602
9603
9604
9605
9606
9607
9608
9609
9610
9641
9642
9643
9644
9645
9646
9647
9648
9649
9650
9681
9682
9683
9684
9685
9686
9687
9688
9689
9690
9721
9722
9723
9724
9725
9726
9727
9728
9729
9730
9761
9762
9763
9764
9765
9766
9767
9768
9769
9770
9801
9802
9803
9804
9805
9806
9807
9808
9809
9810
9841
9842
9843
9844
9845
9846
9847
9848
9849
9850
9881
9882
9883
9884
9885
9886
9887
9888
9889
9890
9921
9922
9923
9924
9925
9926
9927
9928
9929
9930
9961
9962
9963
9964
9965
9966
9967
9968
9969
9970
10001
10002
10003
10004
10005
10006
10007
10008
10009
10010
10041
10042
10043
10044
10045
10046
10047
10048
10049
10050
10081
10082
10083
10084
10085
10086
10087
10088
10089
10090
10121
10122
10123
10124
10125
10126
10127
10128
10129
10130
12161
12162
12163
12164
12165
12166
12167
12168
12169
12170
12201
12202
12203
12204
12205
12206
12207
12208
12209
12210
12241
12242
12243
12244
12245
12246
12247
12248
12249
12250
12281
12282
12283
12284
12285
12286
12287
12288
12289
12290
12321
12322
12323
12324
12325
12326
12327
12328
12329
12330
12361
12362
12363
12364
12365
12366
12367
12368
12369
12370
12401
12402
12403
12404
12405
12406
12407
12408
12409
12410
12441
12442
12443
12444
12445
12446
12447
12448
12449
12450
12481
12482
12483
12484
12485
12486
12487
12488
12489
12490
12521
12522
12523
12524
12525
12526
12527
12528
12529
12530
12561
12562
12563
12564
12565
12566
12567
12568
12569
12570
12601
12602
12603
12604
12605
12606
12607
12608
12609
12610
12641
12642
12643
12644
12645
12646
12647
12648
12649
12650
12681
12682
12683
12684
12685
12686
12687
12688
12689
12690
12721
12722
12723
12724
12725
12726
12727
12728
12729
12730
12761
12762
12763
12764
12765
12766
12767
12768
12769
12770
12801
12802
12803
12804
12805
12806
12807
12808
12809
12810
12841
12842
12843
12844
12845
12846
12847
12848
12849
12850
12881
12882
12883
12884
12885
12886
12887
12888
12889
12890
12921
12922
12923
12924
12925
12926
12927
12928
12929
12930
12961
12962
12963
12964
12965
12966
12967
12968
12969
12970
13001
13002
13003
13004
13005
13006
13007
13008
13009
13010
13041
13042
13043
13044
13045
13046
13047
13048
13049
13050
13081
13082
13083
13084
13085
13086
13087
13088
13089
13090
13121
13122
13123
13124
13125
13126
13127
13128
13129
13130
13161
13162
13163
13164
13165
13166
13167
13168
13169
13170
13201
13202
13203
13204
13205
13206
13207
13208
13209
13210
13241
13242
13243
13244
13245
13246
13247
13248
13249
13250
13281
13282
13283
13284
13285
13286
13287
13288
13289
13290
13321
13322
13323
13324
13325
13326
13327
13328
13329
13330
13361
13362
13363
13364
13365
13366
13367
13368
13369
13370
13401
13402
13403
13404
13405
13406
13407
13408
13409
13410
13441
13442
13443
13444
13445
13446
13447
13448
13449
13450
13481
13482
13483
13484
13485
13486
13487
13488
13489
13490
13521
13522
13523
13524
13525
13526
13527
13528
13529
13530
13561
13562
13563
13564
13565
13566
13567
13568
13569
13570
13601
13602
13603
13604
13605
13606
13607
13608
13609
13610
13641
13642
13643
13644
13645
13646
13647
13648
13649
13650
13681
13682
13683
13684
13685
13686
13687
13688
13689
13690
13721
13722
13723
13724
13725
13726
13727
13728
13729
13730
13761
13762
13763
13764
13765
13766
13767
13768
13769
13770
13801
13802
13803
13804
13805
13806
13807
13808
13809
13810
13841
13842
13843
13844
13845
13846
13847
13848
13849
13850
13881
13882
13883
13884
13885
13886
13887
13888
13889
13890
13921
13922
13923
13924
13925
13926
13927
13928
13929
13930
13961
13962
13963
13964
13965
13966
13967
13968
13969
13970
14001
14002
14003
14004
14005
14006
14007
14008
14009
14010
14041
14042
14043
14044
14045
14046
14047
14048
14049
14050
14081
14082
14083
14084
14085
14086
14087
14088
14089
14090
14121
14122
14123
14124
14125
14126
14127
14128
14129
14130
-3783
-3785
-3787
-3789
-3791
-3793
-3795
-3797
-3799
-3801
-3803
-3805
-3807
-3809
-3811
-3813
-3815
-3817
-3819
-3821
-3823
-3825
-3827
-3829
-3831
-3833
-3835
-3837
-3839
-3841
-3843
-3845
-3847
-3849
-3851
-3853
-3855
-3857
-3859
-3861
-3863
-3865
-3867
-3869
-3871
-3873
-3875
-3877
-3879
-3881
4079
4278
4477
4676
4875
5074
5273
5472
5671
5870
5773
5775
5777
5779
5781
5783
5785
5787
5789
5791
5793
5795
5797
5799
5801
5803
5805
5807
5809
5811
5813
5815
5817
5819
5821
5823
5825
5827
5829
5831
5833
5835
5837
5839
5841
5843
5845
5847
5849
5851
5853
5855
5857
5859
5861
5863
5865
5867
5869
5871
)


// ************************************************************************* //
