/*--------------------------------*- C++ -*----------------------------------*\
  =========                 |
  \\      /  F ield         | OpenFOAM: The Open Source CFD Toolbox
   \\    /   O peration     | Website:  https://openfoam.org
    \\  /    A nd           | Version:  6
     \\/     M anipulation  |
\*---------------------------------------------------------------------------*/
FoamFile
{
    version     2.0;
    format      ascii;
    class       labelList;
    location    "constant/polyMesh";
    object      faceProcAddressing;
}
// * * * * * * * * * * * * * * * * * * * * * * * * * * * * * * * * * * * * * //


2060
(
5971
5972
5973
5974
5975
5976
5977
5978
5979
5980
5981
5982
5983
5984
5985
5986
5987
5988
5989
5990
5991
5992
5993
5994
5995
5996
5997
5998
5999
6000
6001
6002
6003
6004
6005
6006
6007
6008
6009
6010
6011
6012
6013
6014
6015
6016
6017
6018
6019
6020
6021
6022
6023
6024
6025
6026
6027
6028
6029
6030
6031
6032
6033
6034
6035
6036
6037
6038
6039
6040
6041
6042
6043
6044
6045
6046
6047
6048
6049
6050
6051
6052
6053
6054
6055
6056
6057
6058
6059
6060
6061
6062
6063
6064
6065
6066
6067
6068
6070
6170
6171
6172
6173
6174
6175
6176
6177
6178
6179
6180
6181
6182
6183
6184
6185
6186
6187
6188
6189
6190
6191
6192
6193
6194
6195
6196
6197
6198
6199
6200
6201
6202
6203
6204
6205
6206
6207
6208
6209
6210
6211
6212
6213
6214
6215
6216
6217
6218
6219
6220
6221
6222
6223
6224
6225
6226
6227
6228
6229
6230
6231
6232
6233
6234
6235
6236
6237
6238
6239
6240
6241
6242
6243
6244
6245
6246
6247
6248
6249
6250
6251
6252
6253
6254
6255
6256
6257
6258
6259
6260
6261
6262
6263
6264
6265
6266
6267
6269
6369
6370
6371
6372
6373
6374
6375
6376
6377
6378
6379
6380
6381
6382
6383
6384
6385
6386
6387
6388
6389
6390
6391
6392
6393
6394
6395
6396
6397
6398
6399
6400
6401
6402
6403
6404
6405
6406
6407
6408
6409
6410
6411
6412
6413
6414
6415
6416
6417
6418
6419
6420
6421
6422
6423
6424
6425
6426
6427
6428
6429
6430
6431
6432
6433
6434
6435
6436
6437
6438
6439
6440
6441
6442
6443
6444
6445
6446
6447
6448
6449
6450
6451
6452
6453
6454
6455
6456
6457
6458
6459
6460
6461
6462
6463
6464
6465
6466
6468
6568
6569
6570
6571
6572
6573
6574
6575
6576
6577
6578
6579
6580
6581
6582
6583
6584
6585
6586
6587
6588
6589
6590
6591
6592
6593
6594
6595
6596
6597
6598
6599
6600
6601
6602
6603
6604
6605
6606
6607
6608
6609
6610
6611
6612
6613
6614
6615
6616
6617
6618
6619
6620
6621
6622
6623
6624
6625
6626
6627
6628
6629
6630
6631
6632
6633
6634
6635
6636
6637
6638
6639
6640
6641
6642
6643
6644
6645
6646
6647
6648
6649
6650
6651
6652
6653
6654
6655
6656
6657
6658
6659
6660
6661
6662
6663
6664
6665
6667
6767
6768
6769
6770
6771
6772
6773
6774
6775
6776
6777
6778
6779
6780
6781
6782
6783
6784
6785
6786
6787
6788
6789
6790
6791
6792
6793
6794
6795
6796
6797
6798
6799
6800
6801
6802
6803
6804
6805
6806
6807
6808
6809
6810
6811
6812
6813
6814
6815
6816
6817
6818
6819
6820
6821
6822
6823
6824
6825
6826
6827
6828
6829
6830
6831
6832
6833
6834
6835
6836
6837
6838
6839
6840
6841
6842
6843
6844
6845
6846
6847
6848
6849
6850
6851
6852
6853
6854
6855
6856
6857
6858
6859
6860
6861
6862
6863
6864
6866
6966
6967
6968
6969
6970
6971
6972
6973
6974
6975
6976
6977
6978
6979
6980
6981
6982
6983
6984
6985
6986
6987
6988
6989
6990
6991
6992
6993
6994
6995
6996
6997
6998
6999
7000
7001
7002
7003
7004
7005
7006
7007
7008
7009
7010
7011
7012
7013
7014
7015
7016
7017
7018
7019
7020
7021
7022
7023
7024
7025
7026
7027
7028
7029
7030
7031
7032
7033
7034
7035
7036
7037
7038
7039
7040
7041
7042
7043
7044
7045
7046
7047
7048
7049
7050
7051
7052
7053
7054
7055
7056
7057
7058
7059
7060
7061
7062
7063
7065
7165
7166
7167
7168
7169
7170
7171
7172
7173
7174
7175
7176
7177
7178
7179
7180
7181
7182
7183
7184
7185
7186
7187
7188
7189
7190
7191
7192
7193
7194
7195
7196
7197
7198
7199
7200
7201
7202
7203
7204
7205
7206
7207
7208
7209
7210
7211
7212
7213
7214
7215
7216
7217
7218
7219
7220
7221
7222
7223
7224
7225
7226
7227
7228
7229
7230
7231
7232
7233
7234
7235
7236
7237
7238
7239
7240
7241
7242
7243
7244
7245
7246
7247
7248
7249
7250
7251
7252
7253
7254
7255
7256
7257
7258
7259
7260
7261
7262
7264
7364
7365
7366
7367
7368
7369
7370
7371
7372
7373
7374
7375
7376
7377
7378
7379
7380
7381
7382
7383
7384
7385
7386
7387
7388
7389
7390
7391
7392
7393
7394
7395
7396
7397
7398
7399
7400
7401
7402
7403
7404
7405
7406
7407
7408
7409
7410
7411
7412
7413
7414
7415
7416
7417
7418
7419
7420
7421
7422
7423
7424
7425
7426
7427
7428
7429
7430
7431
7432
7433
7434
7435
7436
7437
7438
7439
7440
7441
7442
7443
7444
7445
7446
7447
7448
7449
7450
7451
7452
7453
7454
7455
7456
7457
7458
7459
7460
7461
7463
7563
7564
7565
7566
7567
7568
7569
7570
7571
7572
7573
7574
7575
7576
7577
7578
7579
7580
7581
7582
7583
7584
7585
7586
7587
7588
7589
7590
7591
7592
7593
7594
7595
7596
7597
7598
7599
7600
7601
7602
7603
7604
7605
7606
7607
7608
7609
7610
7611
7612
7613
7614
7615
7616
7617
7618
7619
7620
7621
7622
7623
7624
7625
7626
7627
7628
7629
7630
7631
7632
7633
7634
7635
7636
7637
7638
7639
7640
7641
7642
7643
7644
7645
7646
7647
7648
7649
7650
7651
7652
7653
7654
7655
7656
7657
7658
7659
7660
7662
7762
7763
7764
7765
7766
7767
7768
7769
7770
7771
7772
7773
7774
7775
7776
7777
7778
7779
7780
7781
7782
7783
7784
7785
7786
7787
7788
7789
7790
7791
7792
7793
7794
7795
7796
7797
7798
7799
7800
7801
7802
7803
7804
7805
7806
7807
7808
7809
7810
7891
7892
7893
7894
7895
7896
7897
7898
7899
7900
8041
8042
8043
8044
8045
8046
8047
8048
8049
8050
8051
8052
8053
8054
8055
8056
8057
8058
8059
8060
8061
8062
8063
8064
8065
8066
8067
8068
8069
8070
8071
8072
8073
8074
8075
8076
8077
8078
8079
8080
8081
8082
8083
8084
8085
8086
8087
8088
8089
8090
8171
8172
8173
8174
8175
8176
8177
8178
8179
8180
8211
8212
8213
8214
8215
8216
8217
8218
8219
8220
8251
8252
8253
8254
8255
8256
8257
8258
8259
8260
8291
8292
8293
8294
8295
8296
8297
8298
8299
8300
8331
8332
8333
8334
8335
8336
8337
8338
8339
8340
8371
8372
8373
8374
8375
8376
8377
8378
8379
8380
8411
8412
8413
8414
8415
8416
8417
8418
8419
8420
8451
8452
8453
8454
8455
8456
8457
8458
8459
8460
8491
8492
8493
8494
8495
8496
8497
8498
8499
8500
8531
8532
8533
8534
8535
8536
8537
8538
8539
8540
8571
8572
8573
8574
8575
8576
8577
8578
8579
8580
8611
8612
8613
8614
8615
8616
8617
8618
8619
8620
8651
8652
8653
8654
8655
8656
8657
8658
8659
8660
8691
8692
8693
8694
8695
8696
8697
8698
8699
8700
8731
8732
8733
8734
8735
8736
8737
8738
8739
8740
8771
8772
8773
8774
8775
8776
8777
8778
8779
8780
8811
8812
8813
8814
8815
8816
8817
8818
8819
8820
8851
8852
8853
8854
8855
8856
8857
8858
8859
8860
8891
8892
8893
8894
8895
8896
8897
8898
8899
8900
8931
8932
8933
8934
8935
8936
8937
8938
8939
8940
8971
8972
8973
8974
8975
8976
8977
8978
8979
8980
9011
9012
9013
9014
9015
9016
9017
9018
9019
9020
9051
9052
9053
9054
9055
9056
9057
9058
9059
9060
9091
9092
9093
9094
9095
9096
9097
9098
9099
9100
9131
9132
9133
9134
9135
9136
9137
9138
9139
9140
9171
9172
9173
9174
9175
9176
9177
9178
9179
9180
9211
9212
9213
9214
9215
9216
9217
9218
9219
9220
9251
9252
9253
9254
9255
9256
9257
9258
9259
9260
9291
9292
9293
9294
9295
9296
9297
9298
9299
9300
9331
9332
9333
9334
9335
9336
9337
9338
9339
9340
9371
9372
9373
9374
9375
9376
9377
9378
9379
9380
9411
9412
9413
9414
9415
9416
9417
9418
9419
9420
9451
9452
9453
9454
9455
9456
9457
9458
9459
9460
9491
9492
9493
9494
9495
9496
9497
9498
9499
9500
9531
9532
9533
9534
9535
9536
9537
9538
9539
9540
9571
9572
9573
9574
9575
9576
9577
9578
9579
9580
9611
9612
9613
9614
9615
9616
9617
9618
9619
9620
9651
9652
9653
9654
9655
9656
9657
9658
9659
9660
9691
9692
9693
9694
9695
9696
9697
9698
9699
9700
9731
9732
9733
9734
9735
9736
9737
9738
9739
9740
9771
9772
9773
9774
9775
9776
9777
9778
9779
9780
9811
9812
9813
9814
9815
9816
9817
9818
9819
9820
9851
9852
9853
9854
9855
9856
9857
9858
9859
9860
9891
9892
9893
9894
9895
9896
9897
9898
9899
9900
9931
9932
9933
9934
9935
9936
9937
9938
9939
9940
9971
9972
9973
9974
9975
9976
9977
9978
9979
9980
10011
10012
10013
10014
10015
10016
10017
10018
10019
10020
10051
10052
10053
10054
10055
10056
10057
10058
10059
10060
10091
10092
10093
10094
10095
10096
10097
10098
10099
10100
10131
10132
10133
10134
10135
10136
10137
10138
10139
10140
12171
12172
12173
12174
12175
12176
12177
12178
12179
12180
12211
12212
12213
12214
12215
12216
12217
12218
12219
12220
12251
12252
12253
12254
12255
12256
12257
12258
12259
12260
12291
12292
12293
12294
12295
12296
12297
12298
12299
12300
12331
12332
12333
12334
12335
12336
12337
12338
12339
12340
12371
12372
12373
12374
12375
12376
12377
12378
12379
12380
12411
12412
12413
12414
12415
12416
12417
12418
12419
12420
12451
12452
12453
12454
12455
12456
12457
12458
12459
12460
12491
12492
12493
12494
12495
12496
12497
12498
12499
12500
12531
12532
12533
12534
12535
12536
12537
12538
12539
12540
12571
12572
12573
12574
12575
12576
12577
12578
12579
12580
12611
12612
12613
12614
12615
12616
12617
12618
12619
12620
12651
12652
12653
12654
12655
12656
12657
12658
12659
12660
12691
12692
12693
12694
12695
12696
12697
12698
12699
12700
12731
12732
12733
12734
12735
12736
12737
12738
12739
12740
12771
12772
12773
12774
12775
12776
12777
12778
12779
12780
12811
12812
12813
12814
12815
12816
12817
12818
12819
12820
12851
12852
12853
12854
12855
12856
12857
12858
12859
12860
12891
12892
12893
12894
12895
12896
12897
12898
12899
12900
12931
12932
12933
12934
12935
12936
12937
12938
12939
12940
12971
12972
12973
12974
12975
12976
12977
12978
12979
12980
13011
13012
13013
13014
13015
13016
13017
13018
13019
13020
13051
13052
13053
13054
13055
13056
13057
13058
13059
13060
13091
13092
13093
13094
13095
13096
13097
13098
13099
13100
13131
13132
13133
13134
13135
13136
13137
13138
13139
13140
13171
13172
13173
13174
13175
13176
13177
13178
13179
13180
13211
13212
13213
13214
13215
13216
13217
13218
13219
13220
13251
13252
13253
13254
13255
13256
13257
13258
13259
13260
13291
13292
13293
13294
13295
13296
13297
13298
13299
13300
13331
13332
13333
13334
13335
13336
13337
13338
13339
13340
13371
13372
13373
13374
13375
13376
13377
13378
13379
13380
13411
13412
13413
13414
13415
13416
13417
13418
13419
13420
13451
13452
13453
13454
13455
13456
13457
13458
13459
13460
13491
13492
13493
13494
13495
13496
13497
13498
13499
13500
13531
13532
13533
13534
13535
13536
13537
13538
13539
13540
13571
13572
13573
13574
13575
13576
13577
13578
13579
13580
13611
13612
13613
13614
13615
13616
13617
13618
13619
13620
13651
13652
13653
13654
13655
13656
13657
13658
13659
13660
13691
13692
13693
13694
13695
13696
13697
13698
13699
13700
13731
13732
13733
13734
13735
13736
13737
13738
13739
13740
13771
13772
13773
13774
13775
13776
13777
13778
13779
13780
13811
13812
13813
13814
13815
13816
13817
13818
13819
13820
13851
13852
13853
13854
13855
13856
13857
13858
13859
13860
13891
13892
13893
13894
13895
13896
13897
13898
13899
13900
13931
13932
13933
13934
13935
13936
13937
13938
13939
13940
13971
13972
13973
13974
13975
13976
13977
13978
13979
13980
14011
14012
14013
14014
14015
14016
14017
14018
14019
14020
14051
14052
14053
14054
14055
14056
14057
14058
14059
14060
14091
14092
14093
14094
14095
14096
14097
14098
14099
14100
14131
14132
14133
14134
14135
14136
14137
14138
14139
14140
-5773
-5775
-5777
-5779
-5781
-5783
-5785
-5787
-5789
-5791
-5793
-5795
-5797
-5799
-5801
-5803
-5805
-5807
-5809
-5811
-5813
-5815
-5817
-5819
-5821
-5823
-5825
-5827
-5829
-5831
-5833
-5835
-5837
-5839
-5841
-5843
-5845
-5847
-5849
-5851
-5853
-5855
-5857
-5859
-5861
-5863
-5865
-5867
-5869
-5871
6069
6268
6467
6666
6865
7064
7263
7462
7661
7811
)


// ************************************************************************* //
