/*--------------------------------*- C++ -*----------------------------------*\
  =========                 |
  \\      /  F ield         | OpenFOAM: The Open Source CFD Toolbox
   \\    /   O peration     | Website:  https://openfoam.org
    \\  /    A nd           | Version:  6
     \\/     M anipulation  |
\*---------------------------------------------------------------------------*/
FoamFile
{
    version     2.0;
    format      ascii;
    class       labelList;
    location    "constant/polyMesh";
    object      faceProcAddressing;
}
// * * * * * * * * * * * * * * * * * * * * * * * * * * * * * * * * * * * * * //


2060
(
4081
4082
4083
4084
4085
4086
4087
4088
4089
4090
4091
4092
4093
4094
4095
4096
4097
4098
4099
4100
4101
4102
4103
4104
4105
4106
4107
4108
4109
4110
4111
4112
4113
4114
4115
4116
4117
4118
4119
4120
4121
4122
4123
4124
4125
4126
4127
4128
4129
4130
4131
4132
4133
4134
4135
4136
4137
4138
4139
4140
4141
4142
4143
4144
4145
4146
4147
4148
4149
4150
4151
4152
4153
4154
4155
4156
4157
4158
4159
4160
4161
4162
4163
4164
4165
4166
4167
4168
4169
4170
4171
4172
4173
4174
4175
4176
4177
4178
4179
4280
4281
4282
4283
4284
4285
4286
4287
4288
4289
4290
4291
4292
4293
4294
4295
4296
4297
4298
4299
4300
4301
4302
4303
4304
4305
4306
4307
4308
4309
4310
4311
4312
4313
4314
4315
4316
4317
4318
4319
4320
4321
4322
4323
4324
4325
4326
4327
4328
4329
4330
4331
4332
4333
4334
4335
4336
4337
4338
4339
4340
4341
4342
4343
4344
4345
4346
4347
4348
4349
4350
4351
4352
4353
4354
4355
4356
4357
4358
4359
4360
4361
4362
4363
4364
4365
4366
4367
4368
4369
4370
4371
4372
4373
4374
4375
4376
4377
4378
4479
4480
4481
4482
4483
4484
4485
4486
4487
4488
4489
4490
4491
4492
4493
4494
4495
4496
4497
4498
4499
4500
4501
4502
4503
4504
4505
4506
4507
4508
4509
4510
4511
4512
4513
4514
4515
4516
4517
4518
4519
4520
4521
4522
4523
4524
4525
4526
4527
4528
4529
4530
4531
4532
4533
4534
4535
4536
4537
4538
4539
4540
4541
4542
4543
4544
4545
4546
4547
4548
4549
4550
4551
4552
4553
4554
4555
4556
4557
4558
4559
4560
4561
4562
4563
4564
4565
4566
4567
4568
4569
4570
4571
4572
4573
4574
4575
4576
4577
4678
4679
4680
4681
4682
4683
4684
4685
4686
4687
4688
4689
4690
4691
4692
4693
4694
4695
4696
4697
4698
4699
4700
4701
4702
4703
4704
4705
4706
4707
4708
4709
4710
4711
4712
4713
4714
4715
4716
4717
4718
4719
4720
4721
4722
4723
4724
4725
4726
4727
4728
4729
4730
4731
4732
4733
4734
4735
4736
4737
4738
4739
4740
4741
4742
4743
4744
4745
4746
4747
4748
4749
4750
4751
4752
4753
4754
4755
4756
4757
4758
4759
4760
4761
4762
4763
4764
4765
4766
4767
4768
4769
4770
4771
4772
4773
4774
4775
4776
4877
4878
4879
4880
4881
4882
4883
4884
4885
4886
4887
4888
4889
4890
4891
4892
4893
4894
4895
4896
4897
4898
4899
4900
4901
4902
4903
4904
4905
4906
4907
4908
4909
4910
4911
4912
4913
4914
4915
4916
4917
4918
4919
4920
4921
4922
4923
4924
4925
4926
4927
4928
4929
4930
4931
4932
4933
4934
4935
4936
4937
4938
4939
4940
4941
4942
4943
4944
4945
4946
4947
4948
4949
4950
4951
4952
4953
4954
4955
4956
4957
4958
4959
4960
4961
4962
4963
4964
4965
4966
4967
4968
4969
4970
4971
4972
4973
4974
4975
5076
5077
5078
5079
5080
5081
5082
5083
5084
5085
5086
5087
5088
5089
5090
5091
5092
5093
5094
5095
5096
5097
5098
5099
5100
5101
5102
5103
5104
5105
5106
5107
5108
5109
5110
5111
5112
5113
5114
5115
5116
5117
5118
5119
5120
5121
5122
5123
5124
5125
5126
5127
5128
5129
5130
5131
5132
5133
5134
5135
5136
5137
5138
5139
5140
5141
5142
5143
5144
5145
5146
5147
5148
5149
5150
5151
5152
5153
5154
5155
5156
5157
5158
5159
5160
5161
5162
5163
5164
5165
5166
5167
5168
5169
5170
5171
5172
5173
5174
5275
5276
5277
5278
5279
5280
5281
5282
5283
5284
5285
5286
5287
5288
5289
5290
5291
5292
5293
5294
5295
5296
5297
5298
5299
5300
5301
5302
5303
5304
5305
5306
5307
5308
5309
5310
5311
5312
5313
5314
5315
5316
5317
5318
5319
5320
5321
5322
5323
5324
5325
5326
5327
5328
5329
5330
5331
5332
5333
5334
5335
5336
5337
5338
5339
5340
5341
5342
5343
5344
5345
5346
5347
5348
5349
5350
5351
5352
5353
5354
5355
5356
5357
5358
5359
5360
5361
5362
5363
5364
5365
5366
5367
5368
5369
5370
5371
5372
5373
5474
5475
5476
5477
5478
5479
5480
5481
5482
5483
5484
5485
5486
5487
5488
5489
5490
5491
5492
5493
5494
5495
5496
5497
5498
5499
5500
5501
5502
5503
5504
5505
5506
5507
5508
5509
5510
5511
5512
5513
5514
5515
5516
5517
5518
5519
5520
5521
5522
5523
5524
5525
5526
5527
5528
5529
5530
5531
5532
5533
5534
5535
5536
5537
5538
5539
5540
5541
5542
5543
5544
5545
5546
5547
5548
5549
5550
5551
5552
5553
5554
5555
5556
5557
5558
5559
5560
5561
5562
5563
5564
5565
5566
5567
5568
5569
5570
5571
5572
5673
5674
5675
5676
5677
5678
5679
5680
5681
5682
5683
5684
5685
5686
5687
5688
5689
5690
5691
5692
5693
5694
5695
5696
5697
5698
5699
5700
5701
5702
5703
5704
5705
5706
5707
5708
5709
5710
5711
5712
5713
5714
5715
5716
5717
5718
5719
5720
5721
5722
5723
5724
5725
5726
5727
5728
5729
5730
5731
5732
5733
5734
5735
5736
5737
5738
5739
5740
5741
5742
5743
5744
5745
5746
5747
5748
5749
5750
5751
5752
5753
5754
5755
5756
5757
5758
5759
5760
5761
5762
5763
5764
5765
5766
5767
5768
5769
5770
5771
5872
5874
5876
5878
5880
5882
5884
5886
5888
5890
5892
5894
5896
5898
5900
5902
5904
5906
5908
5910
5912
5914
5916
5918
5920
5922
5924
5926
5928
5930
5932
5934
5936
5938
5940
5942
5944
5946
5948
5950
5952
5954
5956
5958
5960
5962
5964
5966
5968
7921
7922
7923
7924
7925
7926
7927
7928
7929
7930
10161
10162
10163
10164
10165
10166
10167
10168
10169
10170
10201
10202
10203
10204
10205
10206
10207
10208
10209
10210
10241
10242
10243
10244
10245
10246
10247
10248
10249
10250
10281
10282
10283
10284
10285
10286
10287
10288
10289
10290
10321
10322
10323
10324
10325
10326
10327
10328
10329
10330
10361
10362
10363
10364
10365
10366
10367
10368
10369
10370
10401
10402
10403
10404
10405
10406
10407
10408
10409
10410
10441
10442
10443
10444
10445
10446
10447
10448
10449
10450
10481
10482
10483
10484
10485
10486
10487
10488
10489
10490
10521
10522
10523
10524
10525
10526
10527
10528
10529
10530
10561
10562
10563
10564
10565
10566
10567
10568
10569
10570
10601
10602
10603
10604
10605
10606
10607
10608
10609
10610
10641
10642
10643
10644
10645
10646
10647
10648
10649
10650
10681
10682
10683
10684
10685
10686
10687
10688
10689
10690
10721
10722
10723
10724
10725
10726
10727
10728
10729
10730
10761
10762
10763
10764
10765
10766
10767
10768
10769
10770
10801
10802
10803
10804
10805
10806
10807
10808
10809
10810
10841
10842
10843
10844
10845
10846
10847
10848
10849
10850
10881
10882
10883
10884
10885
10886
10887
10888
10889
10890
10921
10922
10923
10924
10925
10926
10927
10928
10929
10930
10961
10962
10963
10964
10965
10966
10967
10968
10969
10970
11001
11002
11003
11004
11005
11006
11007
11008
11009
11010
11041
11042
11043
11044
11045
11046
11047
11048
11049
11050
11081
11082
11083
11084
11085
11086
11087
11088
11089
11090
11121
11122
11123
11124
11125
11126
11127
11128
11129
11130
11161
11162
11163
11164
11165
11166
11167
11168
11169
11170
11201
11202
11203
11204
11205
11206
11207
11208
11209
11210
11241
11242
11243
11244
11245
11246
11247
11248
11249
11250
11281
11282
11283
11284
11285
11286
11287
11288
11289
11290
11321
11322
11323
11324
11325
11326
11327
11328
11329
11330
11361
11362
11363
11364
11365
11366
11367
11368
11369
11370
11401
11402
11403
11404
11405
11406
11407
11408
11409
11410
11441
11442
11443
11444
11445
11446
11447
11448
11449
11450
11481
11482
11483
11484
11485
11486
11487
11488
11489
11490
11521
11522
11523
11524
11525
11526
11527
11528
11529
11530
11561
11562
11563
11564
11565
11566
11567
11568
11569
11570
11601
11602
11603
11604
11605
11606
11607
11608
11609
11610
11641
11642
11643
11644
11645
11646
11647
11648
11649
11650
11681
11682
11683
11684
11685
11686
11687
11688
11689
11690
11721
11722
11723
11724
11725
11726
11727
11728
11729
11730
11761
11762
11763
11764
11765
11766
11767
11768
11769
11770
11801
11802
11803
11804
11805
11806
11807
11808
11809
11810
11841
11842
11843
11844
11845
11846
11847
11848
11849
11850
11881
11882
11883
11884
11885
11886
11887
11888
11889
11890
11921
11922
11923
11924
11925
11926
11927
11928
11929
11930
11961
11962
11963
11964
11965
11966
11967
11968
11969
11970
12001
12002
12003
12004
12005
12006
12007
12008
12009
12010
12041
12042
12043
12044
12045
12046
12047
12048
12049
12050
12081
12082
12083
12084
12085
12086
12087
12088
12089
12090
12121
12122
12123
12124
12125
12126
12127
12128
12129
12130
14161
14162
14163
14164
14165
14166
14167
14168
14169
14170
14201
14202
14203
14204
14205
14206
14207
14208
14209
14210
14241
14242
14243
14244
14245
14246
14247
14248
14249
14250
14281
14282
14283
14284
14285
14286
14287
14288
14289
14290
14321
14322
14323
14324
14325
14326
14327
14328
14329
14330
14361
14362
14363
14364
14365
14366
14367
14368
14369
14370
14401
14402
14403
14404
14405
14406
14407
14408
14409
14410
14441
14442
14443
14444
14445
14446
14447
14448
14449
14450
14481
14482
14483
14484
14485
14486
14487
14488
14489
14490
14521
14522
14523
14524
14525
14526
14527
14528
14529
14530
14561
14562
14563
14564
14565
14566
14567
14568
14569
14570
14601
14602
14603
14604
14605
14606
14607
14608
14609
14610
14641
14642
14643
14644
14645
14646
14647
14648
14649
14650
14681
14682
14683
14684
14685
14686
14687
14688
14689
14690
14721
14722
14723
14724
14725
14726
14727
14728
14729
14730
14761
14762
14763
14764
14765
14766
14767
14768
14769
14770
14801
14802
14803
14804
14805
14806
14807
14808
14809
14810
14841
14842
14843
14844
14845
14846
14847
14848
14849
14850
14881
14882
14883
14884
14885
14886
14887
14888
14889
14890
14921
14922
14923
14924
14925
14926
14927
14928
14929
14930
14961
14962
14963
14964
14965
14966
14967
14968
14969
14970
15001
15002
15003
15004
15005
15006
15007
15008
15009
15010
15041
15042
15043
15044
15045
15046
15047
15048
15049
15050
15081
15082
15083
15084
15085
15086
15087
15088
15089
15090
15121
15122
15123
15124
15125
15126
15127
15128
15129
15130
15161
15162
15163
15164
15165
15166
15167
15168
15169
15170
15201
15202
15203
15204
15205
15206
15207
15208
15209
15210
15241
15242
15243
15244
15245
15246
15247
15248
15249
15250
15281
15282
15283
15284
15285
15286
15287
15288
15289
15290
15321
15322
15323
15324
15325
15326
15327
15328
15329
15330
15361
15362
15363
15364
15365
15366
15367
15368
15369
15370
15401
15402
15403
15404
15405
15406
15407
15408
15409
15410
15441
15442
15443
15444
15445
15446
15447
15448
15449
15450
15481
15482
15483
15484
15485
15486
15487
15488
15489
15490
15521
15522
15523
15524
15525
15526
15527
15528
15529
15530
15561
15562
15563
15564
15565
15566
15567
15568
15569
15570
15601
15602
15603
15604
15605
15606
15607
15608
15609
15610
15641
15642
15643
15644
15645
15646
15647
15648
15649
15650
15681
15682
15683
15684
15685
15686
15687
15688
15689
15690
15721
15722
15723
15724
15725
15726
15727
15728
15729
15730
15761
15762
15763
15764
15765
15766
15767
15768
15769
15770
15801
15802
15803
15804
15805
15806
15807
15808
15809
15810
15841
15842
15843
15844
15845
15846
15847
15848
15849
15850
15881
15882
15883
15884
15885
15886
15887
15888
15889
15890
15921
15922
15923
15924
15925
15926
15927
15928
15929
15930
15961
15962
15963
15964
15965
15966
15967
15968
15969
15970
16001
16002
16003
16004
16005
16006
16007
16008
16009
16010
16041
16042
16043
16044
16045
16046
16047
16048
16049
16050
16081
16082
16083
16084
16085
16086
16087
16088
16089
16090
16121
16122
16123
16124
16125
16126
16127
16128
16129
16130
-3883
-3885
-3887
-3889
-3891
-3893
-3895
-3897
-3899
-3901
-3903
-3905
-3907
-3909
-3911
-3913
-3915
-3917
-3919
-3921
-3923
-3925
-3927
-3929
-3931
-3933
-3935
-3937
-3939
-3941
-3943
-3945
-3947
-3949
-3951
-3953
-3955
-3957
-3959
-3961
-3963
-3965
-3967
-3969
-3971
-3973
-3975
-3977
-3979
-3980
-4079
-4278
-4477
-4676
-4875
-5074
-5273
-5472
-5671
-5870
5873
5875
5877
5879
5881
5883
5885
5887
5889
5891
5893
5895
5897
5899
5901
5903
5905
5907
5909
5911
5913
5915
5917
5919
5921
5923
5925
5927
5929
5931
5933
5935
5937
5939
5941
5943
5945
5947
5949
5951
5953
5955
5957
5959
5961
5963
5965
5967
5969
5970
)


// ************************************************************************* //
