/*--------------------------------*- C++ -*----------------------------------*\
  =========                 |
  \\      /  F ield         | OpenFOAM: The Open Source CFD Toolbox
   \\    /   O peration     | Website:  https://openfoam.org
    \\  /    A nd           | Version:  6
     \\/     M anipulation  |
\*---------------------------------------------------------------------------*/
FoamFile
{
    version     2.0;
    format      ascii;
    class       vectorField;
    location    "constant/polyMesh";
    object      points;
}
// * * * * * * * * * * * * * * * * * * * * * * * * * * * * * * * * * * * * * //


1122
(
(0.01 0 -0.01)
(0.0102 0 -0.01)
(0.0104 0 -0.01)
(0.0106 0 -0.01)
(0.0108 0 -0.01)
(0.011 0 -0.01)
(0.0112 0 -0.01)
(0.0114 0 -0.01)
(0.0116 0 -0.01)
(0.0118 0 -0.01)
(0.012 0 -0.01)
(0.0122 7.228014483e-20 -0.01)
(0.0124 -7.228014483e-20 -0.01)
(0.0126 0 -0.01)
(0.0128 0 -0.01)
(0.013 0 -0.01)
(0.0132 7.228014483e-20 -0.01)
(0.0134 -7.228014483e-20 -0.01)
(0.0136 0 -0.01)
(0.0138 7.228014483e-20 -0.01)
(0.014 -7.228014483e-20 -0.01)
(0.0142 -7.228014483e-20 -0.01)
(0.0144 0 -0.01)
(0.0146 0 -0.01)
(0.0148 7.228014483e-20 -0.01)
(0.015 -7.228014483e-20 -0.01)
(0.0152 -7.228014483e-20 -0.01)
(0.0154 0 -0.01)
(0.0156 0 -0.01)
(0.0158 7.228014483e-20 -0.01)
(0.016 -7.228014483e-20 -0.01)
(0.0162 1.084202172e-19 -0.01)
(0.0164 -1.084202172e-19 -0.01)
(0.0166 3.614007242e-20 -0.01)
(0.0168 -7.228014483e-20 -0.01)
(0.017 1.084202172e-19 -0.01)
(0.0172 0 -0.01)
(0.0174 -1.084202172e-19 -0.01)
(0.0176 3.614007242e-20 -0.01)
(0.0178 -7.228014483e-20 -0.01)
(0.018 1.084202172e-19 -0.01)
(0.0182 0 -0.01)
(0.0184 -1.264902535e-19 -0.01)
(0.0186 5.421010862e-20 -0.01)
(0.0188 1.264902535e-19 -0.01)
(0.019 0 -0.01)
(0.0192 -1.174552354e-19 -0.01)
(0.0194 6.324512673e-20 -0.01)
(0.0196 -5.872761768e-20 -0.01)
(0.0198 1.151964808e-19 -0.01)
(0.02 0 -0.01)
(0.01 0.0005 -0.01)
(0.0102 0.0005 -0.01)
(0.0104 0.0005 -0.01)
(0.0106 0.0005 -0.01)
(0.0108 0.0005 -0.01)
(0.011 0.0005 -0.01)
(0.0112 0.0005 -0.01)
(0.0114 0.0005 -0.01)
(0.0116 0.0005 -0.01)
(0.0118 0.0005 -0.01)
(0.012 0.0005 -0.01)
(0.0122 0.0005 -0.01)
(0.0124 0.0005 -0.01)
(0.0126 0.0005 -0.01)
(0.0128 0.0005 -0.01)
(0.013 0.0005 -0.01)
(0.0132 0.0005 -0.01)
(0.0134 0.0005 -0.01)
(0.0136 0.0005 -0.01)
(0.0138 0.0005 -0.01)
(0.014 0.0005 -0.01)
(0.0142 0.0005 -0.01)
(0.0144 0.0005 -0.01)
(0.0146 0.0005 -0.01)
(0.0148 0.0005 -0.01)
(0.015 0.0005 -0.01)
(0.0152 0.0005 -0.01)
(0.0154 0.0005 -0.01)
(0.0156 0.0005 -0.01)
(0.0158 0.0005 -0.01)
(0.016 0.0005 -0.01)
(0.0162 0.0005 -0.01)
(0.0164 0.0005 -0.01)
(0.0166 0.0005 -0.01)
(0.0168 0.0005 -0.01)
(0.017 0.0005 -0.01)
(0.0172 0.0005 -0.01)
(0.0174 0.0005 -0.01)
(0.0176 0.0005 -0.01)
(0.0178 0.0005 -0.01)
(0.018 0.0005 -0.01)
(0.0182 0.0005 -0.01)
(0.0184 0.0005 -0.01)
(0.0186 0.0005 -0.01)
(0.0188 0.0005 -0.01)
(0.019 0.0005 -0.01)
(0.0192 0.0005 -0.01)
(0.0194 0.0005 -0.01)
(0.0196 0.0005 -0.01)
(0.0198 0.0005 -0.01)
(0.02 0.0005 -0.01)
(0.01 0.001 -0.01)
(0.0102 0.001 -0.01)
(0.0104 0.001 -0.01)
(0.0106 0.001 -0.01)
(0.0108 0.001 -0.01)
(0.011 0.001 -0.01)
(0.0112 0.001 -0.01)
(0.0114 0.001 -0.01)
(0.0116 0.001 -0.01)
(0.0118 0.001 -0.01)
(0.012 0.001 -0.01)
(0.0122 0.001 -0.01)
(0.0124 0.001 -0.01)
(0.0126 0.001 -0.01)
(0.0128 0.001 -0.01)
(0.013 0.001 -0.01)
(0.0132 0.001 -0.01)
(0.0134 0.001 -0.01)
(0.0136 0.001 -0.01)
(0.0138 0.001 -0.01)
(0.014 0.001 -0.01)
(0.0142 0.001 -0.01)
(0.0144 0.001 -0.01)
(0.0146 0.001 -0.01)
(0.0148 0.001 -0.01)
(0.015 0.001 -0.01)
(0.0152 0.001 -0.01)
(0.0154 0.001 -0.01)
(0.0156 0.001 -0.01)
(0.0158 0.001 -0.01)
(0.016 0.001 -0.01)
(0.0162 0.001 -0.01)
(0.0164 0.001 -0.01)
(0.0166 0.001 -0.01)
(0.0168 0.001 -0.01)
(0.017 0.001 -0.01)
(0.0172 0.001 -0.01)
(0.0174 0.001 -0.01)
(0.0176 0.001 -0.01)
(0.0178 0.001 -0.01)
(0.018 0.001 -0.01)
(0.0182 0.001 -0.01)
(0.0184 0.001 -0.01)
(0.0186 0.001 -0.01)
(0.0188 0.001 -0.01)
(0.019 0.001 -0.01)
(0.0192 0.001 -0.01)
(0.0194 0.001 -0.01)
(0.0196 0.001 -0.01)
(0.0198 0.001 -0.01)
(0.02 0.001 -0.01)
(0.01 0.0015 -0.01)
(0.0102 0.0015 -0.01)
(0.0104 0.0015 -0.01)
(0.0106 0.0015 -0.01)
(0.0108 0.0015 -0.01)
(0.011 0.0015 -0.01)
(0.0112 0.0015 -0.01)
(0.0114 0.0015 -0.01)
(0.0116 0.0015 -0.01)
(0.0118 0.0015 -0.01)
(0.012 0.0015 -0.01)
(0.0122 0.0015 -0.01)
(0.0124 0.0015 -0.01)
(0.0126 0.0015 -0.01)
(0.0128 0.0015 -0.01)
(0.013 0.0015 -0.01)
(0.0132 0.0015 -0.01)
(0.0134 0.0015 -0.01)
(0.0136 0.0015 -0.01)
(0.0138 0.0015 -0.01)
(0.014 0.0015 -0.01)
(0.0142 0.0015 -0.01)
(0.0144 0.0015 -0.01)
(0.0146 0.0015 -0.01)
(0.0148 0.0015 -0.01)
(0.015 0.0015 -0.01)
(0.0152 0.0015 -0.01)
(0.0154 0.0015 -0.01)
(0.0156 0.0015 -0.01)
(0.0158 0.0015 -0.01)
(0.016 0.0015 -0.01)
(0.0162 0.0015 -0.01)
(0.0164 0.0015 -0.01)
(0.0166 0.0015 -0.01)
(0.0168 0.0015 -0.01)
(0.017 0.0015 -0.01)
(0.0172 0.0015 -0.01)
(0.0174 0.0015 -0.01)
(0.0176 0.0015 -0.01)
(0.0178 0.0015 -0.01)
(0.018 0.0015 -0.01)
(0.0182 0.0015 -0.01)
(0.0184 0.0015 -0.01)
(0.0186 0.0015 -0.01)
(0.0188 0.0015 -0.01)
(0.019 0.0015 -0.01)
(0.0192 0.0015 -0.01)
(0.0194 0.0015 -0.01)
(0.0196 0.0015 -0.01)
(0.0198 0.0015 -0.01)
(0.02 0.0015 -0.01)
(0.01 0.002 -0.01)
(0.0102 0.002 -0.01)
(0.0104 0.002 -0.01)
(0.0106 0.002 -0.01)
(0.0108 0.002 -0.01)
(0.011 0.002 -0.01)
(0.0112 0.002 -0.01)
(0.0114 0.002 -0.01)
(0.0116 0.002 -0.01)
(0.0118 0.002 -0.01)
(0.012 0.002 -0.01)
(0.0122 0.002 -0.01)
(0.0124 0.002 -0.01)
(0.0126 0.002 -0.01)
(0.0128 0.002 -0.01)
(0.013 0.002 -0.01)
(0.0132 0.002 -0.01)
(0.0134 0.002 -0.01)
(0.0136 0.002 -0.01)
(0.0138 0.002 -0.01)
(0.014 0.002 -0.01)
(0.0142 0.002 -0.01)
(0.0144 0.002 -0.01)
(0.0146 0.002 -0.01)
(0.0148 0.002 -0.01)
(0.015 0.002 -0.01)
(0.0152 0.002 -0.01)
(0.0154 0.002 -0.01)
(0.0156 0.002 -0.01)
(0.0158 0.002 -0.01)
(0.016 0.002 -0.01)
(0.0162 0.002 -0.01)
(0.0164 0.002 -0.01)
(0.0166 0.002 -0.01)
(0.0168 0.002 -0.01)
(0.017 0.002 -0.01)
(0.0172 0.002 -0.01)
(0.0174 0.002 -0.01)
(0.0176 0.002 -0.01)
(0.0178 0.002 -0.01)
(0.018 0.002 -0.01)
(0.0182 0.002 -0.01)
(0.0184 0.002 -0.01)
(0.0186 0.002 -0.01)
(0.0188 0.002 -0.01)
(0.019 0.002 -0.01)
(0.0192 0.002 -0.01)
(0.0194 0.002 -0.01)
(0.0196 0.002 -0.01)
(0.0198 0.002 -0.01)
(0.02 0.002 -0.01)
(0.01 0.0025 -0.01)
(0.0102 0.0025 -0.01)
(0.0104 0.0025 -0.01)
(0.0106 0.0025 -0.01)
(0.0108 0.0025 -0.01)
(0.011 0.0025 -0.01)
(0.0112 0.0025 -0.01)
(0.0114 0.0025 -0.01)
(0.0116 0.0025 -0.01)
(0.0118 0.0025 -0.01)
(0.012 0.0025 -0.01)
(0.0122 0.0025 -0.01)
(0.0124 0.0025 -0.01)
(0.0126 0.0025 -0.01)
(0.0128 0.0025 -0.01)
(0.013 0.0025 -0.01)
(0.0132 0.0025 -0.01)
(0.0134 0.0025 -0.01)
(0.0136 0.0025 -0.01)
(0.0138 0.0025 -0.01)
(0.014 0.0025 -0.01)
(0.0142 0.0025 -0.01)
(0.0144 0.0025 -0.01)
(0.0146 0.0025 -0.01)
(0.0148 0.0025 -0.01)
(0.015 0.0025 -0.01)
(0.0152 0.0025 -0.01)
(0.0154 0.0025 -0.01)
(0.0156 0.0025 -0.01)
(0.0158 0.0025 -0.01)
(0.016 0.0025 -0.01)
(0.0162 0.0025 -0.01)
(0.0164 0.0025 -0.01)
(0.0166 0.0025 -0.01)
(0.0168 0.0025 -0.01)
(0.017 0.0025 -0.01)
(0.0172 0.0025 -0.01)
(0.0174 0.0025 -0.01)
(0.0176 0.0025 -0.01)
(0.0178 0.0025 -0.01)
(0.018 0.0025 -0.01)
(0.0182 0.0025 -0.01)
(0.0184 0.0025 -0.01)
(0.0186 0.0025 -0.01)
(0.0188 0.0025 -0.01)
(0.019 0.0025 -0.01)
(0.0192 0.0025 -0.01)
(0.0194 0.0025 -0.01)
(0.0196 0.0025 -0.01)
(0.0198 0.0025 -0.01)
(0.02 0.0025 -0.01)
(0.01 0.003 -0.01)
(0.0102 0.003 -0.01)
(0.0104 0.003 -0.01)
(0.0106 0.003 -0.01)
(0.0108 0.003 -0.01)
(0.011 0.003 -0.01)
(0.0112 0.003 -0.01)
(0.0114 0.003 -0.01)
(0.0116 0.003 -0.01)
(0.0118 0.003 -0.01)
(0.012 0.003 -0.01)
(0.0122 0.003 -0.01)
(0.0124 0.003 -0.01)
(0.0126 0.003 -0.01)
(0.0128 0.003 -0.01)
(0.013 0.003 -0.01)
(0.0132 0.003 -0.01)
(0.0134 0.003 -0.01)
(0.0136 0.003 -0.01)
(0.0138 0.003 -0.01)
(0.014 0.003 -0.01)
(0.0142 0.003 -0.01)
(0.0144 0.003 -0.01)
(0.0146 0.003 -0.01)
(0.0148 0.003 -0.01)
(0.015 0.003 -0.01)
(0.0152 0.003 -0.01)
(0.0154 0.003 -0.01)
(0.0156 0.003 -0.01)
(0.0158 0.003 -0.01)
(0.016 0.003 -0.01)
(0.0162 0.003 -0.01)
(0.0164 0.003 -0.01)
(0.0166 0.003 -0.01)
(0.0168 0.003 -0.01)
(0.017 0.003 -0.01)
(0.0172 0.003 -0.01)
(0.0174 0.003 -0.01)
(0.0176 0.003 -0.01)
(0.0178 0.003 -0.01)
(0.018 0.003 -0.01)
(0.0182 0.003 -0.01)
(0.0184 0.003 -0.01)
(0.0186 0.003 -0.01)
(0.0188 0.003 -0.01)
(0.019 0.003 -0.01)
(0.0192 0.003 -0.01)
(0.0194 0.003 -0.01)
(0.0196 0.003 -0.01)
(0.0198 0.003 -0.01)
(0.02 0.003 -0.01)
(0.01 0.0035 -0.01)
(0.0102 0.0035 -0.01)
(0.0104 0.0035 -0.01)
(0.0106 0.0035 -0.01)
(0.0108 0.0035 -0.01)
(0.011 0.0035 -0.01)
(0.0112 0.0035 -0.01)
(0.0114 0.0035 -0.01)
(0.0116 0.0035 -0.01)
(0.0118 0.0035 -0.01)
(0.012 0.0035 -0.01)
(0.0122 0.0035 -0.01)
(0.0124 0.0035 -0.01)
(0.0126 0.0035 -0.01)
(0.0128 0.0035 -0.01)
(0.013 0.0035 -0.01)
(0.0132 0.0035 -0.01)
(0.0134 0.0035 -0.01)
(0.0136 0.0035 -0.01)
(0.0138 0.0035 -0.01)
(0.014 0.0035 -0.01)
(0.0142 0.0035 -0.01)
(0.0144 0.0035 -0.01)
(0.0146 0.0035 -0.01)
(0.0148 0.0035 -0.01)
(0.015 0.0035 -0.01)
(0.0152 0.0035 -0.01)
(0.0154 0.0035 -0.01)
(0.0156 0.0035 -0.01)
(0.0158 0.0035 -0.01)
(0.016 0.0035 -0.01)
(0.0162 0.0035 -0.01)
(0.0164 0.0035 -0.01)
(0.0166 0.0035 -0.01)
(0.0168 0.0035 -0.01)
(0.017 0.0035 -0.01)
(0.0172 0.0035 -0.01)
(0.0174 0.0035 -0.01)
(0.0176 0.0035 -0.01)
(0.0178 0.0035 -0.01)
(0.018 0.0035 -0.01)
(0.0182 0.0035 -0.01)
(0.0184 0.0035 -0.01)
(0.0186 0.0035 -0.01)
(0.0188 0.0035 -0.01)
(0.019 0.0035 -0.01)
(0.0192 0.0035 -0.01)
(0.0194 0.0035 -0.01)
(0.0196 0.0035 -0.01)
(0.0198 0.0035 -0.01)
(0.02 0.0035 -0.01)
(0.01 0.004 -0.01)
(0.0102 0.004 -0.01)
(0.0104 0.004 -0.01)
(0.0106 0.004 -0.01)
(0.0108 0.004 -0.01)
(0.011 0.004 -0.01)
(0.0112 0.004 -0.01)
(0.0114 0.004 -0.01)
(0.0116 0.004 -0.01)
(0.0118 0.004 -0.01)
(0.012 0.004 -0.01)
(0.0122 0.004 -0.01)
(0.0124 0.004 -0.01)
(0.0126 0.004 -0.01)
(0.0128 0.004 -0.01)
(0.013 0.004 -0.01)
(0.0132 0.004 -0.01)
(0.0134 0.004 -0.01)
(0.0136 0.004 -0.01)
(0.0138 0.004 -0.01)
(0.014 0.004 -0.01)
(0.0142 0.004 -0.01)
(0.0144 0.004 -0.01)
(0.0146 0.004 -0.01)
(0.0148 0.004 -0.01)
(0.015 0.004 -0.01)
(0.0152 0.004 -0.01)
(0.0154 0.004 -0.01)
(0.0156 0.004 -0.01)
(0.0158 0.004 -0.01)
(0.016 0.004 -0.01)
(0.0162 0.004 -0.01)
(0.0164 0.004 -0.01)
(0.0166 0.004 -0.01)
(0.0168 0.004 -0.01)
(0.017 0.004 -0.01)
(0.0172 0.004 -0.01)
(0.0174 0.004 -0.01)
(0.0176 0.004 -0.01)
(0.0178 0.004 -0.01)
(0.018 0.004 -0.01)
(0.0182 0.004 -0.01)
(0.0184 0.004 -0.01)
(0.0186 0.004 -0.01)
(0.0188 0.004 -0.01)
(0.019 0.004 -0.01)
(0.0192 0.004 -0.01)
(0.0194 0.004 -0.01)
(0.0196 0.004 -0.01)
(0.0198 0.004 -0.01)
(0.02 0.004 -0.01)
(0.01 0.0045 -0.01)
(0.0102 0.0045 -0.01)
(0.0104 0.0045 -0.01)
(0.0106 0.0045 -0.01)
(0.0108 0.0045 -0.01)
(0.011 0.0045 -0.01)
(0.0112 0.0045 -0.01)
(0.0114 0.0045 -0.01)
(0.0116 0.0045 -0.01)
(0.0118 0.0045 -0.01)
(0.012 0.0045 -0.01)
(0.0122 0.0045 -0.01)
(0.0124 0.0045 -0.01)
(0.0126 0.0045 -0.01)
(0.0128 0.0045 -0.01)
(0.013 0.0045 -0.01)
(0.0132 0.0045 -0.01)
(0.0134 0.0045 -0.01)
(0.0136 0.0045 -0.01)
(0.0138 0.0045 -0.01)
(0.014 0.0045 -0.01)
(0.0142 0.0045 -0.01)
(0.0144 0.0045 -0.01)
(0.0146 0.0045 -0.01)
(0.0148 0.0045 -0.01)
(0.015 0.0045 -0.01)
(0.0152 0.0045 -0.01)
(0.0154 0.0045 -0.01)
(0.0156 0.0045 -0.01)
(0.0158 0.0045 -0.01)
(0.016 0.0045 -0.01)
(0.0162 0.0045 -0.01)
(0.0164 0.0045 -0.01)
(0.0166 0.0045 -0.01)
(0.0168 0.0045 -0.01)
(0.017 0.0045 -0.01)
(0.0172 0.0045 -0.01)
(0.0174 0.0045 -0.01)
(0.0176 0.0045 -0.01)
(0.0178 0.0045 -0.01)
(0.018 0.0045 -0.01)
(0.0182 0.0045 -0.01)
(0.0184 0.0045 -0.01)
(0.0186 0.0045 -0.01)
(0.0188 0.0045 -0.01)
(0.019 0.0045 -0.01)
(0.0192 0.0045 -0.01)
(0.0194 0.0045 -0.01)
(0.0196 0.0045 -0.01)
(0.0198 0.0045 -0.01)
(0.02 0.0045 -0.01)
(0.01 0.005 -0.01)
(0.0102 0.005 -0.01)
(0.0104 0.005 -0.01)
(0.0106 0.005 -0.01)
(0.0108 0.005 -0.01)
(0.011 0.005 -0.01)
(0.0112 0.005 -0.01)
(0.0114 0.005 -0.01)
(0.0116 0.005 -0.01)
(0.0118 0.005 -0.01)
(0.012 0.005 -0.01)
(0.0122 0.005 -0.01)
(0.0124 0.005 -0.01)
(0.0126 0.005 -0.01)
(0.0128 0.005 -0.01)
(0.013 0.005 -0.01)
(0.0132 0.005 -0.01)
(0.0134 0.005 -0.01)
(0.0136 0.005 -0.01)
(0.0138 0.005 -0.01)
(0.014 0.005 -0.01)
(0.0142 0.005 -0.01)
(0.0144 0.005 -0.01)
(0.0146 0.005 -0.01)
(0.0148 0.005 -0.01)
(0.015 0.005 -0.01)
(0.0152 0.005 -0.01)
(0.0154 0.005 -0.01)
(0.0156 0.005 -0.01)
(0.0158 0.005 -0.01)
(0.016 0.005 -0.01)
(0.0162 0.005 -0.01)
(0.0164 0.005 -0.01)
(0.0166 0.005 -0.01)
(0.0168 0.005 -0.01)
(0.017 0.005 -0.01)
(0.0172 0.005 -0.01)
(0.0174 0.005 -0.01)
(0.0176 0.005 -0.01)
(0.0178 0.005 -0.01)
(0.018 0.005 -0.01)
(0.0182 0.005 -0.01)
(0.0184 0.005 -0.01)
(0.0186 0.005 -0.01)
(0.0188 0.005 -0.01)
(0.019 0.005 -0.01)
(0.0192 0.005 -0.01)
(0.0194 0.005 -0.01)
(0.0196 0.005 -0.01)
(0.0198 0.005 -0.01)
(0.02 0.005 -0.01)
(0.01 0 0.01)
(0.0102 0 0.01)
(0.0104 0 0.01)
(0.0106 0 0.01)
(0.0108 0 0.01)
(0.011 0 0.01)
(0.0112 0 0.01)
(0.0114 0 0.01)
(0.0116 0 0.01)
(0.0118 0 0.01)
(0.012 0 0.01)
(0.0122 7.228014483e-20 0.01)
(0.0124 -7.228014483e-20 0.01)
(0.0126 0 0.01)
(0.0128 0 0.01)
(0.013 0 0.01)
(0.0132 7.228014483e-20 0.01)
(0.0134 -7.228014483e-20 0.01)
(0.0136 0 0.01)
(0.0138 7.228014483e-20 0.01)
(0.014 -7.228014483e-20 0.01)
(0.0142 -7.228014483e-20 0.01)
(0.0144 0 0.01)
(0.0146 0 0.01)
(0.0148 7.228014483e-20 0.01)
(0.015 -7.228014483e-20 0.01)
(0.0152 -7.228014483e-20 0.01)
(0.0154 0 0.01)
(0.0156 0 0.01)
(0.0158 7.228014483e-20 0.01)
(0.016 -7.228014483e-20 0.01)
(0.0162 1.084202172e-19 0.01)
(0.0164 -1.084202172e-19 0.01)
(0.0166 3.614007242e-20 0.01)
(0.0168 -7.228014483e-20 0.01)
(0.017 1.084202172e-19 0.01)
(0.0172 0 0.01)
(0.0174 -1.084202172e-19 0.01)
(0.0176 3.614007242e-20 0.01)
(0.0178 -7.228014483e-20 0.01)
(0.018 1.084202172e-19 0.01)
(0.0182 0 0.01)
(0.0184 -1.264902535e-19 0.01)
(0.0186 5.421010862e-20 0.01)
(0.0188 1.264902535e-19 0.01)
(0.019 0 0.01)
(0.0192 -1.174552354e-19 0.01)
(0.0194 6.324512673e-20 0.01)
(0.0196 -5.872761768e-20 0.01)
(0.0198 1.151964808e-19 0.01)
(0.02 0 0.01)
(0.01 0.0005 0.01)
(0.0102 0.0005 0.01)
(0.0104 0.0005 0.01)
(0.0106 0.0005 0.01)
(0.0108 0.0005 0.01)
(0.011 0.0005 0.01)
(0.0112 0.0005 0.01)
(0.0114 0.0005 0.01)
(0.0116 0.0005 0.01)
(0.0118 0.0005 0.01)
(0.012 0.0005 0.01)
(0.0122 0.0005 0.01)
(0.0124 0.0005 0.01)
(0.0126 0.0005 0.01)
(0.0128 0.0005 0.01)
(0.013 0.0005 0.01)
(0.0132 0.0005 0.01)
(0.0134 0.0005 0.01)
(0.0136 0.0005 0.01)
(0.0138 0.0005 0.01)
(0.014 0.0005 0.01)
(0.0142 0.0005 0.01)
(0.0144 0.0005 0.01)
(0.0146 0.0005 0.01)
(0.0148 0.0005 0.01)
(0.015 0.0005 0.01)
(0.0152 0.0005 0.01)
(0.0154 0.0005 0.01)
(0.0156 0.0005 0.01)
(0.0158 0.0005 0.01)
(0.016 0.0005 0.01)
(0.0162 0.0005 0.01)
(0.0164 0.0005 0.01)
(0.0166 0.0005 0.01)
(0.0168 0.0005 0.01)
(0.017 0.0005 0.01)
(0.0172 0.0005 0.01)
(0.0174 0.0005 0.01)
(0.0176 0.0005 0.01)
(0.0178 0.0005 0.01)
(0.018 0.0005 0.01)
(0.0182 0.0005 0.01)
(0.0184 0.0005 0.01)
(0.0186 0.0005 0.01)
(0.0188 0.0005 0.01)
(0.019 0.0005 0.01)
(0.0192 0.0005 0.01)
(0.0194 0.0005 0.01)
(0.0196 0.0005 0.01)
(0.0198 0.0005 0.01)
(0.02 0.0005 0.01)
(0.01 0.001 0.01)
(0.0102 0.001 0.01)
(0.0104 0.001 0.01)
(0.0106 0.001 0.01)
(0.0108 0.001 0.01)
(0.011 0.001 0.01)
(0.0112 0.001 0.01)
(0.0114 0.001 0.01)
(0.0116 0.001 0.01)
(0.0118 0.001 0.01)
(0.012 0.001 0.01)
(0.0122 0.001 0.01)
(0.0124 0.001 0.01)
(0.0126 0.001 0.01)
(0.0128 0.001 0.01)
(0.013 0.001 0.01)
(0.0132 0.001 0.01)
(0.0134 0.001 0.01)
(0.0136 0.001 0.01)
(0.0138 0.001 0.01)
(0.014 0.001 0.01)
(0.0142 0.001 0.01)
(0.0144 0.001 0.01)
(0.0146 0.001 0.01)
(0.0148 0.001 0.01)
(0.015 0.001 0.01)
(0.0152 0.001 0.01)
(0.0154 0.001 0.01)
(0.0156 0.001 0.01)
(0.0158 0.001 0.01)
(0.016 0.001 0.01)
(0.0162 0.001 0.01)
(0.0164 0.001 0.01)
(0.0166 0.001 0.01)
(0.0168 0.001 0.01)
(0.017 0.001 0.01)
(0.0172 0.001 0.01)
(0.0174 0.001 0.01)
(0.0176 0.001 0.01)
(0.0178 0.001 0.01)
(0.018 0.001 0.01)
(0.0182 0.001 0.01)
(0.0184 0.001 0.01)
(0.0186 0.001 0.01)
(0.0188 0.001 0.01)
(0.019 0.001 0.01)
(0.0192 0.001 0.01)
(0.0194 0.001 0.01)
(0.0196 0.001 0.01)
(0.0198 0.001 0.01)
(0.02 0.001 0.01)
(0.01 0.0015 0.01)
(0.0102 0.0015 0.01)
(0.0104 0.0015 0.01)
(0.0106 0.0015 0.01)
(0.0108 0.0015 0.01)
(0.011 0.0015 0.01)
(0.0112 0.0015 0.01)
(0.0114 0.0015 0.01)
(0.0116 0.0015 0.01)
(0.0118 0.0015 0.01)
(0.012 0.0015 0.01)
(0.0122 0.0015 0.01)
(0.0124 0.0015 0.01)
(0.0126 0.0015 0.01)
(0.0128 0.0015 0.01)
(0.013 0.0015 0.01)
(0.0132 0.0015 0.01)
(0.0134 0.0015 0.01)
(0.0136 0.0015 0.01)
(0.0138 0.0015 0.01)
(0.014 0.0015 0.01)
(0.0142 0.0015 0.01)
(0.0144 0.0015 0.01)
(0.0146 0.0015 0.01)
(0.0148 0.0015 0.01)
(0.015 0.0015 0.01)
(0.0152 0.0015 0.01)
(0.0154 0.0015 0.01)
(0.0156 0.0015 0.01)
(0.0158 0.0015 0.01)
(0.016 0.0015 0.01)
(0.0162 0.0015 0.01)
(0.0164 0.0015 0.01)
(0.0166 0.0015 0.01)
(0.0168 0.0015 0.01)
(0.017 0.0015 0.01)
(0.0172 0.0015 0.01)
(0.0174 0.0015 0.01)
(0.0176 0.0015 0.01)
(0.0178 0.0015 0.01)
(0.018 0.0015 0.01)
(0.0182 0.0015 0.01)
(0.0184 0.0015 0.01)
(0.0186 0.0015 0.01)
(0.0188 0.0015 0.01)
(0.019 0.0015 0.01)
(0.0192 0.0015 0.01)
(0.0194 0.0015 0.01)
(0.0196 0.0015 0.01)
(0.0198 0.0015 0.01)
(0.02 0.0015 0.01)
(0.01 0.002 0.01)
(0.0102 0.002 0.01)
(0.0104 0.002 0.01)
(0.0106 0.002 0.01)
(0.0108 0.002 0.01)
(0.011 0.002 0.01)
(0.0112 0.002 0.01)
(0.0114 0.002 0.01)
(0.0116 0.002 0.01)
(0.0118 0.002 0.01)
(0.012 0.002 0.01)
(0.0122 0.002 0.01)
(0.0124 0.002 0.01)
(0.0126 0.002 0.01)
(0.0128 0.002 0.01)
(0.013 0.002 0.01)
(0.0132 0.002 0.01)
(0.0134 0.002 0.01)
(0.0136 0.002 0.01)
(0.0138 0.002 0.01)
(0.014 0.002 0.01)
(0.0142 0.002 0.01)
(0.0144 0.002 0.01)
(0.0146 0.002 0.01)
(0.0148 0.002 0.01)
(0.015 0.002 0.01)
(0.0152 0.002 0.01)
(0.0154 0.002 0.01)
(0.0156 0.002 0.01)
(0.0158 0.002 0.01)
(0.016 0.002 0.01)
(0.0162 0.002 0.01)
(0.0164 0.002 0.01)
(0.0166 0.002 0.01)
(0.0168 0.002 0.01)
(0.017 0.002 0.01)
(0.0172 0.002 0.01)
(0.0174 0.002 0.01)
(0.0176 0.002 0.01)
(0.0178 0.002 0.01)
(0.018 0.002 0.01)
(0.0182 0.002 0.01)
(0.0184 0.002 0.01)
(0.0186 0.002 0.01)
(0.0188 0.002 0.01)
(0.019 0.002 0.01)
(0.0192 0.002 0.01)
(0.0194 0.002 0.01)
(0.0196 0.002 0.01)
(0.0198 0.002 0.01)
(0.02 0.002 0.01)
(0.01 0.0025 0.01)
(0.0102 0.0025 0.01)
(0.0104 0.0025 0.01)
(0.0106 0.0025 0.01)
(0.0108 0.0025 0.01)
(0.011 0.0025 0.01)
(0.0112 0.0025 0.01)
(0.0114 0.0025 0.01)
(0.0116 0.0025 0.01)
(0.0118 0.0025 0.01)
(0.012 0.0025 0.01)
(0.0122 0.0025 0.01)
(0.0124 0.0025 0.01)
(0.0126 0.0025 0.01)
(0.0128 0.0025 0.01)
(0.013 0.0025 0.01)
(0.0132 0.0025 0.01)
(0.0134 0.0025 0.01)
(0.0136 0.0025 0.01)
(0.0138 0.0025 0.01)
(0.014 0.0025 0.01)
(0.0142 0.0025 0.01)
(0.0144 0.0025 0.01)
(0.0146 0.0025 0.01)
(0.0148 0.0025 0.01)
(0.015 0.0025 0.01)
(0.0152 0.0025 0.01)
(0.0154 0.0025 0.01)
(0.0156 0.0025 0.01)
(0.0158 0.0025 0.01)
(0.016 0.0025 0.01)
(0.0162 0.0025 0.01)
(0.0164 0.0025 0.01)
(0.0166 0.0025 0.01)
(0.0168 0.0025 0.01)
(0.017 0.0025 0.01)
(0.0172 0.0025 0.01)
(0.0174 0.0025 0.01)
(0.0176 0.0025 0.01)
(0.0178 0.0025 0.01)
(0.018 0.0025 0.01)
(0.0182 0.0025 0.01)
(0.0184 0.0025 0.01)
(0.0186 0.0025 0.01)
(0.0188 0.0025 0.01)
(0.019 0.0025 0.01)
(0.0192 0.0025 0.01)
(0.0194 0.0025 0.01)
(0.0196 0.0025 0.01)
(0.0198 0.0025 0.01)
(0.02 0.0025 0.01)
(0.01 0.003 0.01)
(0.0102 0.003 0.01)
(0.0104 0.003 0.01)
(0.0106 0.003 0.01)
(0.0108 0.003 0.01)
(0.011 0.003 0.01)
(0.0112 0.003 0.01)
(0.0114 0.003 0.01)
(0.0116 0.003 0.01)
(0.0118 0.003 0.01)
(0.012 0.003 0.01)
(0.0122 0.003 0.01)
(0.0124 0.003 0.01)
(0.0126 0.003 0.01)
(0.0128 0.003 0.01)
(0.013 0.003 0.01)
(0.0132 0.003 0.01)
(0.0134 0.003 0.01)
(0.0136 0.003 0.01)
(0.0138 0.003 0.01)
(0.014 0.003 0.01)
(0.0142 0.003 0.01)
(0.0144 0.003 0.01)
(0.0146 0.003 0.01)
(0.0148 0.003 0.01)
(0.015 0.003 0.01)
(0.0152 0.003 0.01)
(0.0154 0.003 0.01)
(0.0156 0.003 0.01)
(0.0158 0.003 0.01)
(0.016 0.003 0.01)
(0.0162 0.003 0.01)
(0.0164 0.003 0.01)
(0.0166 0.003 0.01)
(0.0168 0.003 0.01)
(0.017 0.003 0.01)
(0.0172 0.003 0.01)
(0.0174 0.003 0.01)
(0.0176 0.003 0.01)
(0.0178 0.003 0.01)
(0.018 0.003 0.01)
(0.0182 0.003 0.01)
(0.0184 0.003 0.01)
(0.0186 0.003 0.01)
(0.0188 0.003 0.01)
(0.019 0.003 0.01)
(0.0192 0.003 0.01)
(0.0194 0.003 0.01)
(0.0196 0.003 0.01)
(0.0198 0.003 0.01)
(0.02 0.003 0.01)
(0.01 0.0035 0.01)
(0.0102 0.0035 0.01)
(0.0104 0.0035 0.01)
(0.0106 0.0035 0.01)
(0.0108 0.0035 0.01)
(0.011 0.0035 0.01)
(0.0112 0.0035 0.01)
(0.0114 0.0035 0.01)
(0.0116 0.0035 0.01)
(0.0118 0.0035 0.01)
(0.012 0.0035 0.01)
(0.0122 0.0035 0.01)
(0.0124 0.0035 0.01)
(0.0126 0.0035 0.01)
(0.0128 0.0035 0.01)
(0.013 0.0035 0.01)
(0.0132 0.0035 0.01)
(0.0134 0.0035 0.01)
(0.0136 0.0035 0.01)
(0.0138 0.0035 0.01)
(0.014 0.0035 0.01)
(0.0142 0.0035 0.01)
(0.0144 0.0035 0.01)
(0.0146 0.0035 0.01)
(0.0148 0.0035 0.01)
(0.015 0.0035 0.01)
(0.0152 0.0035 0.01)
(0.0154 0.0035 0.01)
(0.0156 0.0035 0.01)
(0.0158 0.0035 0.01)
(0.016 0.0035 0.01)
(0.0162 0.0035 0.01)
(0.0164 0.0035 0.01)
(0.0166 0.0035 0.01)
(0.0168 0.0035 0.01)
(0.017 0.0035 0.01)
(0.0172 0.0035 0.01)
(0.0174 0.0035 0.01)
(0.0176 0.0035 0.01)
(0.0178 0.0035 0.01)
(0.018 0.0035 0.01)
(0.0182 0.0035 0.01)
(0.0184 0.0035 0.01)
(0.0186 0.0035 0.01)
(0.0188 0.0035 0.01)
(0.019 0.0035 0.01)
(0.0192 0.0035 0.01)
(0.0194 0.0035 0.01)
(0.0196 0.0035 0.01)
(0.0198 0.0035 0.01)
(0.02 0.0035 0.01)
(0.01 0.004 0.01)
(0.0102 0.004 0.01)
(0.0104 0.004 0.01)
(0.0106 0.004 0.01)
(0.0108 0.004 0.01)
(0.011 0.004 0.01)
(0.0112 0.004 0.01)
(0.0114 0.004 0.01)
(0.0116 0.004 0.01)
(0.0118 0.004 0.01)
(0.012 0.004 0.01)
(0.0122 0.004 0.01)
(0.0124 0.004 0.01)
(0.0126 0.004 0.01)
(0.0128 0.004 0.01)
(0.013 0.004 0.01)
(0.0132 0.004 0.01)
(0.0134 0.004 0.01)
(0.0136 0.004 0.01)
(0.0138 0.004 0.01)
(0.014 0.004 0.01)
(0.0142 0.004 0.01)
(0.0144 0.004 0.01)
(0.0146 0.004 0.01)
(0.0148 0.004 0.01)
(0.015 0.004 0.01)
(0.0152 0.004 0.01)
(0.0154 0.004 0.01)
(0.0156 0.004 0.01)
(0.0158 0.004 0.01)
(0.016 0.004 0.01)
(0.0162 0.004 0.01)
(0.0164 0.004 0.01)
(0.0166 0.004 0.01)
(0.0168 0.004 0.01)
(0.017 0.004 0.01)
(0.0172 0.004 0.01)
(0.0174 0.004 0.01)
(0.0176 0.004 0.01)
(0.0178 0.004 0.01)
(0.018 0.004 0.01)
(0.0182 0.004 0.01)
(0.0184 0.004 0.01)
(0.0186 0.004 0.01)
(0.0188 0.004 0.01)
(0.019 0.004 0.01)
(0.0192 0.004 0.01)
(0.0194 0.004 0.01)
(0.0196 0.004 0.01)
(0.0198 0.004 0.01)
(0.02 0.004 0.01)
(0.01 0.0045 0.01)
(0.0102 0.0045 0.01)
(0.0104 0.0045 0.01)
(0.0106 0.0045 0.01)
(0.0108 0.0045 0.01)
(0.011 0.0045 0.01)
(0.0112 0.0045 0.01)
(0.0114 0.0045 0.01)
(0.0116 0.0045 0.01)
(0.0118 0.0045 0.01)
(0.012 0.0045 0.01)
(0.0122 0.0045 0.01)
(0.0124 0.0045 0.01)
(0.0126 0.0045 0.01)
(0.0128 0.0045 0.01)
(0.013 0.0045 0.01)
(0.0132 0.0045 0.01)
(0.0134 0.0045 0.01)
(0.0136 0.0045 0.01)
(0.0138 0.0045 0.01)
(0.014 0.0045 0.01)
(0.0142 0.0045 0.01)
(0.0144 0.0045 0.01)
(0.0146 0.0045 0.01)
(0.0148 0.0045 0.01)
(0.015 0.0045 0.01)
(0.0152 0.0045 0.01)
(0.0154 0.0045 0.01)
(0.0156 0.0045 0.01)
(0.0158 0.0045 0.01)
(0.016 0.0045 0.01)
(0.0162 0.0045 0.01)
(0.0164 0.0045 0.01)
(0.0166 0.0045 0.01)
(0.0168 0.0045 0.01)
(0.017 0.0045 0.01)
(0.0172 0.0045 0.01)
(0.0174 0.0045 0.01)
(0.0176 0.0045 0.01)
(0.0178 0.0045 0.01)
(0.018 0.0045 0.01)
(0.0182 0.0045 0.01)
(0.0184 0.0045 0.01)
(0.0186 0.0045 0.01)
(0.0188 0.0045 0.01)
(0.019 0.0045 0.01)
(0.0192 0.0045 0.01)
(0.0194 0.0045 0.01)
(0.0196 0.0045 0.01)
(0.0198 0.0045 0.01)
(0.02 0.0045 0.01)
(0.01 0.005 0.01)
(0.0102 0.005 0.01)
(0.0104 0.005 0.01)
(0.0106 0.005 0.01)
(0.0108 0.005 0.01)
(0.011 0.005 0.01)
(0.0112 0.005 0.01)
(0.0114 0.005 0.01)
(0.0116 0.005 0.01)
(0.0118 0.005 0.01)
(0.012 0.005 0.01)
(0.0122 0.005 0.01)
(0.0124 0.005 0.01)
(0.0126 0.005 0.01)
(0.0128 0.005 0.01)
(0.013 0.005 0.01)
(0.0132 0.005 0.01)
(0.0134 0.005 0.01)
(0.0136 0.005 0.01)
(0.0138 0.005 0.01)
(0.014 0.005 0.01)
(0.0142 0.005 0.01)
(0.0144 0.005 0.01)
(0.0146 0.005 0.01)
(0.0148 0.005 0.01)
(0.015 0.005 0.01)
(0.0152 0.005 0.01)
(0.0154 0.005 0.01)
(0.0156 0.005 0.01)
(0.0158 0.005 0.01)
(0.016 0.005 0.01)
(0.0162 0.005 0.01)
(0.0164 0.005 0.01)
(0.0166 0.005 0.01)
(0.0168 0.005 0.01)
(0.017 0.005 0.01)
(0.0172 0.005 0.01)
(0.0174 0.005 0.01)
(0.0176 0.005 0.01)
(0.0178 0.005 0.01)
(0.018 0.005 0.01)
(0.0182 0.005 0.01)
(0.0184 0.005 0.01)
(0.0186 0.005 0.01)
(0.0188 0.005 0.01)
(0.019 0.005 0.01)
(0.0192 0.005 0.01)
(0.0194 0.005 0.01)
(0.0196 0.005 0.01)
(0.0198 0.005 0.01)
(0.02 0.005 0.01)
)


// ************************************************************************* //
