/*--------------------------------*- C++ -*----------------------------------*\
  =========                 |
  \\      /  F ield         | OpenFOAM: The Open Source CFD Toolbox
   \\    /   O peration     | Website:  https://openfoam.org
    \\  /    A nd           | Version:  8
     \\/     M anipulation  |
\*---------------------------------------------------------------------------*/
FoamFile
{
    version     2.0;
    format      ascii;
    class       faceList;
    location    "constant/polyMesh";
    object      faces;
}
// * * * * * * * * * * * * * * * * * * * * * * * * * * * * * * * * * * * * * //


4070
(
4(1 52 1123 1072)
4(51 1122 1123 52)
4(2 53 1124 1073)
4(52 1123 1124 53)
4(3 54 1125 1074)
4(53 1124 1125 54)
4(4 55 1126 1075)
4(54 1125 1126 55)
4(5 56 1127 1076)
4(55 1126 1127 56)
4(6 57 1128 1077)
4(56 1127 1128 57)
4(7 58 1129 1078)
4(57 1128 1129 58)
4(8 59 1130 1079)
4(58 1129 1130 59)
4(9 60 1131 1080)
4(59 1130 1131 60)
4(10 61 1132 1081)
4(60 1131 1132 61)
4(11 62 1133 1082)
4(61 1132 1133 62)
4(12 63 1134 1083)
4(62 1133 1134 63)
4(13 64 1135 1084)
4(63 1134 1135 64)
4(14 65 1136 1085)
4(64 1135 1136 65)
4(15 66 1137 1086)
4(65 1136 1137 66)
4(16 67 1138 1087)
4(66 1137 1138 67)
4(17 68 1139 1088)
4(67 1138 1139 68)
4(18 69 1140 1089)
4(68 1139 1140 69)
4(19 70 1141 1090)
4(69 1140 1141 70)
4(20 71 1142 1091)
4(70 1141 1142 71)
4(21 72 1143 1092)
4(71 1142 1143 72)
4(22 73 1144 1093)
4(72 1143 1144 73)
4(23 74 1145 1094)
4(73 1144 1145 74)
4(24 75 1146 1095)
4(74 1145 1146 75)
4(25 76 1147 1096)
4(75 1146 1147 76)
4(26 77 1148 1097)
4(76 1147 1148 77)
4(27 78 1149 1098)
4(77 1148 1149 78)
4(28 79 1150 1099)
4(78 1149 1150 79)
4(29 80 1151 1100)
4(79 1150 1151 80)
4(30 81 1152 1101)
4(80 1151 1152 81)
4(31 82 1153 1102)
4(81 1152 1153 82)
4(32 83 1154 1103)
4(82 1153 1154 83)
4(33 84 1155 1104)
4(83 1154 1155 84)
4(34 85 1156 1105)
4(84 1155 1156 85)
4(35 86 1157 1106)
4(85 1156 1157 86)
4(36 87 1158 1107)
4(86 1157 1158 87)
4(37 88 1159 1108)
4(87 1158 1159 88)
4(38 89 1160 1109)
4(88 1159 1160 89)
4(39 90 1161 1110)
4(89 1160 1161 90)
4(40 91 1162 1111)
4(90 1161 1162 91)
4(41 92 1163 1112)
4(91 1162 1163 92)
4(42 93 1164 1113)
4(92 1163 1164 93)
4(43 94 1165 1114)
4(93 1164 1165 94)
4(44 95 1166 1115)
4(94 1165 1166 95)
4(45 96 1167 1116)
4(95 1166 1167 96)
4(46 97 1168 1117)
4(96 1167 1168 97)
4(47 98 1169 1118)
4(97 1168 1169 98)
4(48 99 1170 1119)
4(98 1169 1170 99)
4(49 100 1171 1120)
4(99 1170 1171 100)
4(100 1171 1172 101)
4(52 103 1174 1123)
4(102 1173 1174 103)
4(53 104 1175 1124)
4(103 1174 1175 104)
4(54 105 1176 1125)
4(104 1175 1176 105)
4(55 106 1177 1126)
4(105 1176 1177 106)
4(56 107 1178 1127)
4(106 1177 1178 107)
4(57 108 1179 1128)
4(107 1178 1179 108)
4(58 109 1180 1129)
4(108 1179 1180 109)
4(59 110 1181 1130)
4(109 1180 1181 110)
4(60 111 1182 1131)
4(110 1181 1182 111)
4(61 112 1183 1132)
4(111 1182 1183 112)
4(62 113 1184 1133)
4(112 1183 1184 113)
4(63 114 1185 1134)
4(113 1184 1185 114)
4(64 115 1186 1135)
4(114 1185 1186 115)
4(65 116 1187 1136)
4(115 1186 1187 116)
4(66 117 1188 1137)
4(116 1187 1188 117)
4(67 118 1189 1138)
4(117 1188 1189 118)
4(68 119 1190 1139)
4(118 1189 1190 119)
4(69 120 1191 1140)
4(119 1190 1191 120)
4(70 121 1192 1141)
4(120 1191 1192 121)
4(71 122 1193 1142)
4(121 1192 1193 122)
4(72 123 1194 1143)
4(122 1193 1194 123)
4(73 124 1195 1144)
4(123 1194 1195 124)
4(74 125 1196 1145)
4(124 1195 1196 125)
4(75 126 1197 1146)
4(125 1196 1197 126)
4(76 127 1198 1147)
4(126 1197 1198 127)
4(77 128 1199 1148)
4(127 1198 1199 128)
4(78 129 1200 1149)
4(128 1199 1200 129)
4(79 130 1201 1150)
4(129 1200 1201 130)
4(80 131 1202 1151)
4(130 1201 1202 131)
4(81 132 1203 1152)
4(131 1202 1203 132)
4(82 133 1204 1153)
4(132 1203 1204 133)
4(83 134 1205 1154)
4(133 1204 1205 134)
4(84 135 1206 1155)
4(134 1205 1206 135)
4(85 136 1207 1156)
4(135 1206 1207 136)
4(86 137 1208 1157)
4(136 1207 1208 137)
4(87 138 1209 1158)
4(137 1208 1209 138)
4(88 139 1210 1159)
4(138 1209 1210 139)
4(89 140 1211 1160)
4(139 1210 1211 140)
4(90 141 1212 1161)
4(140 1211 1212 141)
4(91 142 1213 1162)
4(141 1212 1213 142)
4(92 143 1214 1163)
4(142 1213 1214 143)
4(93 144 1215 1164)
4(143 1214 1215 144)
4(94 145 1216 1165)
4(144 1215 1216 145)
4(95 146 1217 1166)
4(145 1216 1217 146)
4(96 147 1218 1167)
4(146 1217 1218 147)
4(97 148 1219 1168)
4(147 1218 1219 148)
4(98 149 1220 1169)
4(148 1219 1220 149)
4(99 150 1221 1170)
4(149 1220 1221 150)
4(100 151 1222 1171)
4(150 1221 1222 151)
4(151 1222 1223 152)
4(103 154 1225 1174)
4(153 1224 1225 154)
4(104 155 1226 1175)
4(154 1225 1226 155)
4(105 156 1227 1176)
4(155 1226 1227 156)
4(106 157 1228 1177)
4(156 1227 1228 157)
4(107 158 1229 1178)
4(157 1228 1229 158)
4(108 159 1230 1179)
4(158 1229 1230 159)
4(109 160 1231 1180)
4(159 1230 1231 160)
4(110 161 1232 1181)
4(160 1231 1232 161)
4(111 162 1233 1182)
4(161 1232 1233 162)
4(112 163 1234 1183)
4(162 1233 1234 163)
4(113 164 1235 1184)
4(163 1234 1235 164)
4(114 165 1236 1185)
4(164 1235 1236 165)
4(115 166 1237 1186)
4(165 1236 1237 166)
4(116 167 1238 1187)
4(166 1237 1238 167)
4(117 168 1239 1188)
4(167 1238 1239 168)
4(118 169 1240 1189)
4(168 1239 1240 169)
4(119 170 1241 1190)
4(169 1240 1241 170)
4(120 171 1242 1191)
4(170 1241 1242 171)
4(121 172 1243 1192)
4(171 1242 1243 172)
4(122 173 1244 1193)
4(172 1243 1244 173)
4(123 174 1245 1194)
4(173 1244 1245 174)
4(124 175 1246 1195)
4(174 1245 1246 175)
4(125 176 1247 1196)
4(175 1246 1247 176)
4(126 177 1248 1197)
4(176 1247 1248 177)
4(127 178 1249 1198)
4(177 1248 1249 178)
4(128 179 1250 1199)
4(178 1249 1250 179)
4(129 180 1251 1200)
4(179 1250 1251 180)
4(130 181 1252 1201)
4(180 1251 1252 181)
4(131 182 1253 1202)
4(181 1252 1253 182)
4(132 183 1254 1203)
4(182 1253 1254 183)
4(133 184 1255 1204)
4(183 1254 1255 184)
4(134 185 1256 1205)
4(184 1255 1256 185)
4(135 186 1257 1206)
4(185 1256 1257 186)
4(136 187 1258 1207)
4(186 1257 1258 187)
4(137 188 1259 1208)
4(187 1258 1259 188)
4(138 189 1260 1209)
4(188 1259 1260 189)
4(139 190 1261 1210)
4(189 1260 1261 190)
4(140 191 1262 1211)
4(190 1261 1262 191)
4(141 192 1263 1212)
4(191 1262 1263 192)
4(142 193 1264 1213)
4(192 1263 1264 193)
4(143 194 1265 1214)
4(193 1264 1265 194)
4(144 195 1266 1215)
4(194 1265 1266 195)
4(145 196 1267 1216)
4(195 1266 1267 196)
4(146 197 1268 1217)
4(196 1267 1268 197)
4(147 198 1269 1218)
4(197 1268 1269 198)
4(148 199 1270 1219)
4(198 1269 1270 199)
4(149 200 1271 1220)
4(199 1270 1271 200)
4(150 201 1272 1221)
4(200 1271 1272 201)
4(151 202 1273 1222)
4(201 1272 1273 202)
4(202 1273 1274 203)
4(154 205 1276 1225)
4(204 1275 1276 205)
4(155 206 1277 1226)
4(205 1276 1277 206)
4(156 207 1278 1227)
4(206 1277 1278 207)
4(157 208 1279 1228)
4(207 1278 1279 208)
4(158 209 1280 1229)
4(208 1279 1280 209)
4(159 210 1281 1230)
4(209 1280 1281 210)
4(160 211 1282 1231)
4(210 1281 1282 211)
4(161 212 1283 1232)
4(211 1282 1283 212)
4(162 213 1284 1233)
4(212 1283 1284 213)
4(163 214 1285 1234)
4(213 1284 1285 214)
4(164 215 1286 1235)
4(214 1285 1286 215)
4(165 216 1287 1236)
4(215 1286 1287 216)
4(166 217 1288 1237)
4(216 1287 1288 217)
4(167 218 1289 1238)
4(217 1288 1289 218)
4(168 219 1290 1239)
4(218 1289 1290 219)
4(169 220 1291 1240)
4(219 1290 1291 220)
4(170 221 1292 1241)
4(220 1291 1292 221)
4(171 222 1293 1242)
4(221 1292 1293 222)
4(172 223 1294 1243)
4(222 1293 1294 223)
4(173 224 1295 1244)
4(223 1294 1295 224)
4(174 225 1296 1245)
4(224 1295 1296 225)
4(175 226 1297 1246)
4(225 1296 1297 226)
4(176 227 1298 1247)
4(226 1297 1298 227)
4(177 228 1299 1248)
4(227 1298 1299 228)
4(178 229 1300 1249)
4(228 1299 1300 229)
4(179 230 1301 1250)
4(229 1300 1301 230)
4(180 231 1302 1251)
4(230 1301 1302 231)
4(181 232 1303 1252)
4(231 1302 1303 232)
4(182 233 1304 1253)
4(232 1303 1304 233)
4(183 234 1305 1254)
4(233 1304 1305 234)
4(184 235 1306 1255)
4(234 1305 1306 235)
4(185 236 1307 1256)
4(235 1306 1307 236)
4(186 237 1308 1257)
4(236 1307 1308 237)
4(187 238 1309 1258)
4(237 1308 1309 238)
4(188 239 1310 1259)
4(238 1309 1310 239)
4(189 240 1311 1260)
4(239 1310 1311 240)
4(190 241 1312 1261)
4(240 1311 1312 241)
4(191 242 1313 1262)
4(241 1312 1313 242)
4(192 243 1314 1263)
4(242 1313 1314 243)
4(193 244 1315 1264)
4(243 1314 1315 244)
4(194 245 1316 1265)
4(244 1315 1316 245)
4(195 246 1317 1266)
4(245 1316 1317 246)
4(196 247 1318 1267)
4(246 1317 1318 247)
4(197 248 1319 1268)
4(247 1318 1319 248)
4(198 249 1320 1269)
4(248 1319 1320 249)
4(199 250 1321 1270)
4(249 1320 1321 250)
4(200 251 1322 1271)
4(250 1321 1322 251)
4(201 252 1323 1272)
4(251 1322 1323 252)
4(202 253 1324 1273)
4(252 1323 1324 253)
4(253 1324 1325 254)
4(205 256 1327 1276)
4(255 1326 1327 256)
4(206 257 1328 1277)
4(256 1327 1328 257)
4(207 258 1329 1278)
4(257 1328 1329 258)
4(208 259 1330 1279)
4(258 1329 1330 259)
4(209 260 1331 1280)
4(259 1330 1331 260)
4(210 261 1332 1281)
4(260 1331 1332 261)
4(211 262 1333 1282)
4(261 1332 1333 262)
4(212 263 1334 1283)
4(262 1333 1334 263)
4(213 264 1335 1284)
4(263 1334 1335 264)
4(214 265 1336 1285)
4(264 1335 1336 265)
4(215 266 1337 1286)
4(265 1336 1337 266)
4(216 267 1338 1287)
4(266 1337 1338 267)
4(217 268 1339 1288)
4(267 1338 1339 268)
4(218 269 1340 1289)
4(268 1339 1340 269)
4(219 270 1341 1290)
4(269 1340 1341 270)
4(220 271 1342 1291)
4(270 1341 1342 271)
4(221 272 1343 1292)
4(271 1342 1343 272)
4(222 273 1344 1293)
4(272 1343 1344 273)
4(223 274 1345 1294)
4(273 1344 1345 274)
4(224 275 1346 1295)
4(274 1345 1346 275)
4(225 276 1347 1296)
4(275 1346 1347 276)
4(226 277 1348 1297)
4(276 1347 1348 277)
4(227 278 1349 1298)
4(277 1348 1349 278)
4(228 279 1350 1299)
4(278 1349 1350 279)
4(229 280 1351 1300)
4(279 1350 1351 280)
4(230 281 1352 1301)
4(280 1351 1352 281)
4(231 282 1353 1302)
4(281 1352 1353 282)
4(232 283 1354 1303)
4(282 1353 1354 283)
4(233 284 1355 1304)
4(283 1354 1355 284)
4(234 285 1356 1305)
4(284 1355 1356 285)
4(235 286 1357 1306)
4(285 1356 1357 286)
4(236 287 1358 1307)
4(286 1357 1358 287)
4(237 288 1359 1308)
4(287 1358 1359 288)
4(238 289 1360 1309)
4(288 1359 1360 289)
4(239 290 1361 1310)
4(289 1360 1361 290)
4(240 291 1362 1311)
4(290 1361 1362 291)
4(241 292 1363 1312)
4(291 1362 1363 292)
4(242 293 1364 1313)
4(292 1363 1364 293)
4(243 294 1365 1314)
4(293 1364 1365 294)
4(244 295 1366 1315)
4(294 1365 1366 295)
4(245 296 1367 1316)
4(295 1366 1367 296)
4(246 297 1368 1317)
4(296 1367 1368 297)
4(247 298 1369 1318)
4(297 1368 1369 298)
4(248 299 1370 1319)
4(298 1369 1370 299)
4(249 300 1371 1320)
4(299 1370 1371 300)
4(250 301 1372 1321)
4(300 1371 1372 301)
4(251 302 1373 1322)
4(301 1372 1373 302)
4(252 303 1374 1323)
4(302 1373 1374 303)
4(253 304 1375 1324)
4(303 1374 1375 304)
4(304 1375 1376 305)
4(256 307 1378 1327)
4(306 1377 1378 307)
4(257 308 1379 1328)
4(307 1378 1379 308)
4(258 309 1380 1329)
4(308 1379 1380 309)
4(259 310 1381 1330)
4(309 1380 1381 310)
4(260 311 1382 1331)
4(310 1381 1382 311)
4(261 312 1383 1332)
4(311 1382 1383 312)
4(262 313 1384 1333)
4(312 1383 1384 313)
4(263 314 1385 1334)
4(313 1384 1385 314)
4(264 315 1386 1335)
4(314 1385 1386 315)
4(265 316 1387 1336)
4(315 1386 1387 316)
4(266 317 1388 1337)
4(316 1387 1388 317)
4(267 318 1389 1338)
4(317 1388 1389 318)
4(268 319 1390 1339)
4(318 1389 1390 319)
4(269 320 1391 1340)
4(319 1390 1391 320)
4(270 321 1392 1341)
4(320 1391 1392 321)
4(271 322 1393 1342)
4(321 1392 1393 322)
4(272 323 1394 1343)
4(322 1393 1394 323)
4(273 324 1395 1344)
4(323 1394 1395 324)
4(274 325 1396 1345)
4(324 1395 1396 325)
4(275 326 1397 1346)
4(325 1396 1397 326)
4(276 327 1398 1347)
4(326 1397 1398 327)
4(277 328 1399 1348)
4(327 1398 1399 328)
4(278 329 1400 1349)
4(328 1399 1400 329)
4(279 330 1401 1350)
4(329 1400 1401 330)
4(280 331 1402 1351)
4(330 1401 1402 331)
4(281 332 1403 1352)
4(331 1402 1403 332)
4(282 333 1404 1353)
4(332 1403 1404 333)
4(283 334 1405 1354)
4(333 1404 1405 334)
4(284 335 1406 1355)
4(334 1405 1406 335)
4(285 336 1407 1356)
4(335 1406 1407 336)
4(286 337 1408 1357)
4(336 1407 1408 337)
4(287 338 1409 1358)
4(337 1408 1409 338)
4(288 339 1410 1359)
4(338 1409 1410 339)
4(289 340 1411 1360)
4(339 1410 1411 340)
4(290 341 1412 1361)
4(340 1411 1412 341)
4(291 342 1413 1362)
4(341 1412 1413 342)
4(292 343 1414 1363)
4(342 1413 1414 343)
4(293 344 1415 1364)
4(343 1414 1415 344)
4(294 345 1416 1365)
4(344 1415 1416 345)
4(295 346 1417 1366)
4(345 1416 1417 346)
4(296 347 1418 1367)
4(346 1417 1418 347)
4(297 348 1419 1368)
4(347 1418 1419 348)
4(298 349 1420 1369)
4(348 1419 1420 349)
4(299 350 1421 1370)
4(349 1420 1421 350)
4(300 351 1422 1371)
4(350 1421 1422 351)
4(301 352 1423 1372)
4(351 1422 1423 352)
4(302 353 1424 1373)
4(352 1423 1424 353)
4(303 354 1425 1374)
4(353 1424 1425 354)
4(304 355 1426 1375)
4(354 1425 1426 355)
4(355 1426 1427 356)
4(307 358 1429 1378)
4(357 1428 1429 358)
4(308 359 1430 1379)
4(358 1429 1430 359)
4(309 360 1431 1380)
4(359 1430 1431 360)
4(310 361 1432 1381)
4(360 1431 1432 361)
4(311 362 1433 1382)
4(361 1432 1433 362)
4(312 363 1434 1383)
4(362 1433 1434 363)
4(313 364 1435 1384)
4(363 1434 1435 364)
4(314 365 1436 1385)
4(364 1435 1436 365)
4(315 366 1437 1386)
4(365 1436 1437 366)
4(316 367 1438 1387)
4(366 1437 1438 367)
4(317 368 1439 1388)
4(367 1438 1439 368)
4(318 369 1440 1389)
4(368 1439 1440 369)
4(319 370 1441 1390)
4(369 1440 1441 370)
4(320 371 1442 1391)
4(370 1441 1442 371)
4(321 372 1443 1392)
4(371 1442 1443 372)
4(322 373 1444 1393)
4(372 1443 1444 373)
4(323 374 1445 1394)
4(373 1444 1445 374)
4(324 375 1446 1395)
4(374 1445 1446 375)
4(325 376 1447 1396)
4(375 1446 1447 376)
4(326 377 1448 1397)
4(376 1447 1448 377)
4(327 378 1449 1398)
4(377 1448 1449 378)
4(328 379 1450 1399)
4(378 1449 1450 379)
4(329 380 1451 1400)
4(379 1450 1451 380)
4(330 381 1452 1401)
4(380 1451 1452 381)
4(331 382 1453 1402)
4(381 1452 1453 382)
4(332 383 1454 1403)
4(382 1453 1454 383)
4(333 384 1455 1404)
4(383 1454 1455 384)
4(334 385 1456 1405)
4(384 1455 1456 385)
4(335 386 1457 1406)
4(385 1456 1457 386)
4(336 387 1458 1407)
4(386 1457 1458 387)
4(337 388 1459 1408)
4(387 1458 1459 388)
4(338 389 1460 1409)
4(388 1459 1460 389)
4(339 390 1461 1410)
4(389 1460 1461 390)
4(340 391 1462 1411)
4(390 1461 1462 391)
4(341 392 1463 1412)
4(391 1462 1463 392)
4(342 393 1464 1413)
4(392 1463 1464 393)
4(343 394 1465 1414)
4(393 1464 1465 394)
4(344 395 1466 1415)
4(394 1465 1466 395)
4(345 396 1467 1416)
4(395 1466 1467 396)
4(346 397 1468 1417)
4(396 1467 1468 397)
4(347 398 1469 1418)
4(397 1468 1469 398)
4(348 399 1470 1419)
4(398 1469 1470 399)
4(349 400 1471 1420)
4(399 1470 1471 400)
4(350 401 1472 1421)
4(400 1471 1472 401)
4(351 402 1473 1422)
4(401 1472 1473 402)
4(352 403 1474 1423)
4(402 1473 1474 403)
4(353 404 1475 1424)
4(403 1474 1475 404)
4(354 405 1476 1425)
4(404 1475 1476 405)
4(355 406 1477 1426)
4(405 1476 1477 406)
4(406 1477 1478 407)
4(358 409 1480 1429)
4(408 1479 1480 409)
4(359 410 1481 1430)
4(409 1480 1481 410)
4(360 411 1482 1431)
4(410 1481 1482 411)
4(361 412 1483 1432)
4(411 1482 1483 412)
4(362 413 1484 1433)
4(412 1483 1484 413)
4(363 414 1485 1434)
4(413 1484 1485 414)
4(364 415 1486 1435)
4(414 1485 1486 415)
4(365 416 1487 1436)
4(415 1486 1487 416)
4(366 417 1488 1437)
4(416 1487 1488 417)
4(367 418 1489 1438)
4(417 1488 1489 418)
4(368 419 1490 1439)
4(418 1489 1490 419)
4(369 420 1491 1440)
4(419 1490 1491 420)
4(370 421 1492 1441)
4(420 1491 1492 421)
4(371 422 1493 1442)
4(421 1492 1493 422)
4(372 423 1494 1443)
4(422 1493 1494 423)
4(373 424 1495 1444)
4(423 1494 1495 424)
4(374 425 1496 1445)
4(424 1495 1496 425)
4(375 426 1497 1446)
4(425 1496 1497 426)
4(376 427 1498 1447)
4(426 1497 1498 427)
4(377 428 1499 1448)
4(427 1498 1499 428)
4(378 429 1500 1449)
4(428 1499 1500 429)
4(379 430 1501 1450)
4(429 1500 1501 430)
4(380 431 1502 1451)
4(430 1501 1502 431)
4(381 432 1503 1452)
4(431 1502 1503 432)
4(382 433 1504 1453)
4(432 1503 1504 433)
4(383 434 1505 1454)
4(433 1504 1505 434)
4(384 435 1506 1455)
4(434 1505 1506 435)
4(385 436 1507 1456)
4(435 1506 1507 436)
4(386 437 1508 1457)
4(436 1507 1508 437)
4(387 438 1509 1458)
4(437 1508 1509 438)
4(388 439 1510 1459)
4(438 1509 1510 439)
4(389 440 1511 1460)
4(439 1510 1511 440)
4(390 441 1512 1461)
4(440 1511 1512 441)
4(391 442 1513 1462)
4(441 1512 1513 442)
4(392 443 1514 1463)
4(442 1513 1514 443)
4(393 444 1515 1464)
4(443 1514 1515 444)
4(394 445 1516 1465)
4(444 1515 1516 445)
4(395 446 1517 1466)
4(445 1516 1517 446)
4(396 447 1518 1467)
4(446 1517 1518 447)
4(397 448 1519 1468)
4(447 1518 1519 448)
4(398 449 1520 1469)
4(448 1519 1520 449)
4(399 450 1521 1470)
4(449 1520 1521 450)
4(400 451 1522 1471)
4(450 1521 1522 451)
4(401 452 1523 1472)
4(451 1522 1523 452)
4(402 453 1524 1473)
4(452 1523 1524 453)
4(403 454 1525 1474)
4(453 1524 1525 454)
4(404 455 1526 1475)
4(454 1525 1526 455)
4(405 456 1527 1476)
4(455 1526 1527 456)
4(406 457 1528 1477)
4(456 1527 1528 457)
4(457 1528 1529 458)
4(409 460 1531 1480)
4(459 1530 1531 460)
4(410 461 1532 1481)
4(460 1531 1532 461)
4(411 462 1533 1482)
4(461 1532 1533 462)
4(412 463 1534 1483)
4(462 1533 1534 463)
4(413 464 1535 1484)
4(463 1534 1535 464)
4(414 465 1536 1485)
4(464 1535 1536 465)
4(415 466 1537 1486)
4(465 1536 1537 466)
4(416 467 1538 1487)
4(466 1537 1538 467)
4(417 468 1539 1488)
4(467 1538 1539 468)
4(418 469 1540 1489)
4(468 1539 1540 469)
4(419 470 1541 1490)
4(469 1540 1541 470)
4(420 471 1542 1491)
4(470 1541 1542 471)
4(421 472 1543 1492)
4(471 1542 1543 472)
4(422 473 1544 1493)
4(472 1543 1544 473)
4(423 474 1545 1494)
4(473 1544 1545 474)
4(424 475 1546 1495)
4(474 1545 1546 475)
4(425 476 1547 1496)
4(475 1546 1547 476)
4(426 477 1548 1497)
4(476 1547 1548 477)
4(427 478 1549 1498)
4(477 1548 1549 478)
4(428 479 1550 1499)
4(478 1549 1550 479)
4(429 480 1551 1500)
4(479 1550 1551 480)
4(430 481 1552 1501)
4(480 1551 1552 481)
4(431 482 1553 1502)
4(481 1552 1553 482)
4(432 483 1554 1503)
4(482 1553 1554 483)
4(433 484 1555 1504)
4(483 1554 1555 484)
4(434 485 1556 1505)
4(484 1555 1556 485)
4(435 486 1557 1506)
4(485 1556 1557 486)
4(436 487 1558 1507)
4(486 1557 1558 487)
4(437 488 1559 1508)
4(487 1558 1559 488)
4(438 489 1560 1509)
4(488 1559 1560 489)
4(439 490 1561 1510)
4(489 1560 1561 490)
4(440 491 1562 1511)
4(490 1561 1562 491)
4(441 492 1563 1512)
4(491 1562 1563 492)
4(442 493 1564 1513)
4(492 1563 1564 493)
4(443 494 1565 1514)
4(493 1564 1565 494)
4(444 495 1566 1515)
4(494 1565 1566 495)
4(445 496 1567 1516)
4(495 1566 1567 496)
4(446 497 1568 1517)
4(496 1567 1568 497)
4(447 498 1569 1518)
4(497 1568 1569 498)
4(448 499 1570 1519)
4(498 1569 1570 499)
4(449 500 1571 1520)
4(499 1570 1571 500)
4(450 501 1572 1521)
4(500 1571 1572 501)
4(451 502 1573 1522)
4(501 1572 1573 502)
4(452 503 1574 1523)
4(502 1573 1574 503)
4(453 504 1575 1524)
4(503 1574 1575 504)
4(454 505 1576 1525)
4(504 1575 1576 505)
4(455 506 1577 1526)
4(505 1576 1577 506)
4(456 507 1578 1527)
4(506 1577 1578 507)
4(457 508 1579 1528)
4(507 1578 1579 508)
4(508 1579 1580 509)
4(460 511 1582 1531)
4(510 1581 1582 511)
4(461 512 1583 1532)
4(511 1582 1583 512)
4(462 513 1584 1533)
4(512 1583 1584 513)
4(463 514 1585 1534)
4(513 1584 1585 514)
4(464 515 1586 1535)
4(514 1585 1586 515)
4(465 516 1587 1536)
4(515 1586 1587 516)
4(466 517 1588 1537)
4(516 1587 1588 517)
4(467 518 1589 1538)
4(517 1588 1589 518)
4(468 519 1590 1539)
4(518 1589 1590 519)
4(469 520 1591 1540)
4(519 1590 1591 520)
4(470 521 1592 1541)
4(520 1591 1592 521)
4(471 522 1593 1542)
4(521 1592 1593 522)
4(472 523 1594 1543)
4(522 1593 1594 523)
4(473 524 1595 1544)
4(523 1594 1595 524)
4(474 525 1596 1545)
4(524 1595 1596 525)
4(475 526 1597 1546)
4(525 1596 1597 526)
4(476 527 1598 1547)
4(526 1597 1598 527)
4(477 528 1599 1548)
4(527 1598 1599 528)
4(478 529 1600 1549)
4(528 1599 1600 529)
4(479 530 1601 1550)
4(529 1600 1601 530)
4(480 531 1602 1551)
4(530 1601 1602 531)
4(481 532 1603 1552)
4(531 1602 1603 532)
4(482 533 1604 1553)
4(532 1603 1604 533)
4(483 534 1605 1554)
4(533 1604 1605 534)
4(484 535 1606 1555)
4(534 1605 1606 535)
4(485 536 1607 1556)
4(535 1606 1607 536)
4(486 537 1608 1557)
4(536 1607 1608 537)
4(487 538 1609 1558)
4(537 1608 1609 538)
4(488 539 1610 1559)
4(538 1609 1610 539)
4(489 540 1611 1560)
4(539 1610 1611 540)
4(490 541 1612 1561)
4(540 1611 1612 541)
4(491 542 1613 1562)
4(541 1612 1613 542)
4(492 543 1614 1563)
4(542 1613 1614 543)
4(493 544 1615 1564)
4(543 1614 1615 544)
4(494 545 1616 1565)
4(544 1615 1616 545)
4(495 546 1617 1566)
4(545 1616 1617 546)
4(496 547 1618 1567)
4(546 1617 1618 547)
4(497 548 1619 1568)
4(547 1618 1619 548)
4(498 549 1620 1569)
4(548 1619 1620 549)
4(499 550 1621 1570)
4(549 1620 1621 550)
4(500 551 1622 1571)
4(550 1621 1622 551)
4(501 552 1623 1572)
4(551 1622 1623 552)
4(502 553 1624 1573)
4(552 1623 1624 553)
4(503 554 1625 1574)
4(553 1624 1625 554)
4(504 555 1626 1575)
4(554 1625 1626 555)
4(505 556 1627 1576)
4(555 1626 1627 556)
4(506 557 1628 1577)
4(556 1627 1628 557)
4(507 558 1629 1578)
4(557 1628 1629 558)
4(508 559 1630 1579)
4(558 1629 1630 559)
4(559 1630 1631 560)
4(511 562 1633 1582)
4(561 1632 1633 562)
4(512 563 1634 1583)
4(562 1633 1634 563)
4(513 564 1635 1584)
4(563 1634 1635 564)
4(514 565 1636 1585)
4(564 1635 1636 565)
4(515 566 1637 1586)
4(565 1636 1637 566)
4(516 567 1638 1587)
4(566 1637 1638 567)
4(517 568 1639 1588)
4(567 1638 1639 568)
4(518 569 1640 1589)
4(568 1639 1640 569)
4(519 570 1641 1590)
4(569 1640 1641 570)
4(520 571 1642 1591)
4(570 1641 1642 571)
4(521 572 1643 1592)
4(571 1642 1643 572)
4(522 573 1644 1593)
4(572 1643 1644 573)
4(523 574 1645 1594)
4(573 1644 1645 574)
4(524 575 1646 1595)
4(574 1645 1646 575)
4(525 576 1647 1596)
4(575 1646 1647 576)
4(526 577 1648 1597)
4(576 1647 1648 577)
4(527 578 1649 1598)
4(577 1648 1649 578)
4(528 579 1650 1599)
4(578 1649 1650 579)
4(529 580 1651 1600)
4(579 1650 1651 580)
4(530 581 1652 1601)
4(580 1651 1652 581)
4(531 582 1653 1602)
4(581 1652 1653 582)
4(532 583 1654 1603)
4(582 1653 1654 583)
4(533 584 1655 1604)
4(583 1654 1655 584)
4(534 585 1656 1605)
4(584 1655 1656 585)
4(535 586 1657 1606)
4(585 1656 1657 586)
4(536 587 1658 1607)
4(586 1657 1658 587)
4(537 588 1659 1608)
4(587 1658 1659 588)
4(538 589 1660 1609)
4(588 1659 1660 589)
4(539 590 1661 1610)
4(589 1660 1661 590)
4(540 591 1662 1611)
4(590 1661 1662 591)
4(541 592 1663 1612)
4(591 1662 1663 592)
4(542 593 1664 1613)
4(592 1663 1664 593)
4(543 594 1665 1614)
4(593 1664 1665 594)
4(544 595 1666 1615)
4(594 1665 1666 595)
4(545 596 1667 1616)
4(595 1666 1667 596)
4(546 597 1668 1617)
4(596 1667 1668 597)
4(547 598 1669 1618)
4(597 1668 1669 598)
4(548 599 1670 1619)
4(598 1669 1670 599)
4(549 600 1671 1620)
4(599 1670 1671 600)
4(550 601 1672 1621)
4(600 1671 1672 601)
4(551 602 1673 1622)
4(601 1672 1673 602)
4(552 603 1674 1623)
4(602 1673 1674 603)
4(553 604 1675 1624)
4(603 1674 1675 604)
4(554 605 1676 1625)
4(604 1675 1676 605)
4(555 606 1677 1626)
4(605 1676 1677 606)
4(556 607 1678 1627)
4(606 1677 1678 607)
4(557 608 1679 1628)
4(607 1678 1679 608)
4(558 609 1680 1629)
4(608 1679 1680 609)
4(559 610 1681 1630)
4(609 1680 1681 610)
4(610 1681 1682 611)
4(562 613 1684 1633)
4(612 1683 1684 613)
4(563 614 1685 1634)
4(613 1684 1685 614)
4(564 615 1686 1635)
4(614 1685 1686 615)
4(565 616 1687 1636)
4(615 1686 1687 616)
4(566 617 1688 1637)
4(616 1687 1688 617)
4(567 618 1689 1638)
4(617 1688 1689 618)
4(568 619 1690 1639)
4(618 1689 1690 619)
4(569 620 1691 1640)
4(619 1690 1691 620)
4(570 621 1692 1641)
4(620 1691 1692 621)
4(571 622 1693 1642)
4(621 1692 1693 622)
4(572 623 1694 1643)
4(622 1693 1694 623)
4(573 624 1695 1644)
4(623 1694 1695 624)
4(574 625 1696 1645)
4(624 1695 1696 625)
4(575 626 1697 1646)
4(625 1696 1697 626)
4(576 627 1698 1647)
4(626 1697 1698 627)
4(577 628 1699 1648)
4(627 1698 1699 628)
4(578 629 1700 1649)
4(628 1699 1700 629)
4(579 630 1701 1650)
4(629 1700 1701 630)
4(580 631 1702 1651)
4(630 1701 1702 631)
4(581 632 1703 1652)
4(631 1702 1703 632)
4(582 633 1704 1653)
4(632 1703 1704 633)
4(583 634 1705 1654)
4(633 1704 1705 634)
4(584 635 1706 1655)
4(634 1705 1706 635)
4(585 636 1707 1656)
4(635 1706 1707 636)
4(586 637 1708 1657)
4(636 1707 1708 637)
4(587 638 1709 1658)
4(637 1708 1709 638)
4(588 639 1710 1659)
4(638 1709 1710 639)
4(589 640 1711 1660)
4(639 1710 1711 640)
4(590 641 1712 1661)
4(640 1711 1712 641)
4(591 642 1713 1662)
4(641 1712 1713 642)
4(592 643 1714 1663)
4(642 1713 1714 643)
4(593 644 1715 1664)
4(643 1714 1715 644)
4(594 645 1716 1665)
4(644 1715 1716 645)
4(595 646 1717 1666)
4(645 1716 1717 646)
4(596 647 1718 1667)
4(646 1717 1718 647)
4(597 648 1719 1668)
4(647 1718 1719 648)
4(598 649 1720 1669)
4(648 1719 1720 649)
4(599 650 1721 1670)
4(649 1720 1721 650)
4(600 651 1722 1671)
4(650 1721 1722 651)
4(601 652 1723 1672)
4(651 1722 1723 652)
4(602 653 1724 1673)
4(652 1723 1724 653)
4(603 654 1725 1674)
4(653 1724 1725 654)
4(604 655 1726 1675)
4(654 1725 1726 655)
4(605 656 1727 1676)
4(655 1726 1727 656)
4(606 657 1728 1677)
4(656 1727 1728 657)
4(607 658 1729 1678)
4(657 1728 1729 658)
4(608 659 1730 1679)
4(658 1729 1730 659)
4(609 660 1731 1680)
4(659 1730 1731 660)
4(610 661 1732 1681)
4(660 1731 1732 661)
4(661 1732 1733 662)
4(613 664 1735 1684)
4(663 1734 1735 664)
4(614 665 1736 1685)
4(664 1735 1736 665)
4(615 666 1737 1686)
4(665 1736 1737 666)
4(616 667 1738 1687)
4(666 1737 1738 667)
4(617 668 1739 1688)
4(667 1738 1739 668)
4(618 669 1740 1689)
4(668 1739 1740 669)
4(619 670 1741 1690)
4(669 1740 1741 670)
4(620 671 1742 1691)
4(670 1741 1742 671)
4(621 672 1743 1692)
4(671 1742 1743 672)
4(622 673 1744 1693)
4(672 1743 1744 673)
4(623 674 1745 1694)
4(673 1744 1745 674)
4(624 675 1746 1695)
4(674 1745 1746 675)
4(625 676 1747 1696)
4(675 1746 1747 676)
4(626 677 1748 1697)
4(676 1747 1748 677)
4(627 678 1749 1698)
4(677 1748 1749 678)
4(628 679 1750 1699)
4(678 1749 1750 679)
4(629 680 1751 1700)
4(679 1750 1751 680)
4(630 681 1752 1701)
4(680 1751 1752 681)
4(631 682 1753 1702)
4(681 1752 1753 682)
4(632 683 1754 1703)
4(682 1753 1754 683)
4(633 684 1755 1704)
4(683 1754 1755 684)
4(634 685 1756 1705)
4(684 1755 1756 685)
4(635 686 1757 1706)
4(685 1756 1757 686)
4(636 687 1758 1707)
4(686 1757 1758 687)
4(637 688 1759 1708)
4(687 1758 1759 688)
4(638 689 1760 1709)
4(688 1759 1760 689)
4(639 690 1761 1710)
4(689 1760 1761 690)
4(640 691 1762 1711)
4(690 1761 1762 691)
4(641 692 1763 1712)
4(691 1762 1763 692)
4(642 693 1764 1713)
4(692 1763 1764 693)
4(643 694 1765 1714)
4(693 1764 1765 694)
4(644 695 1766 1715)
4(694 1765 1766 695)
4(645 696 1767 1716)
4(695 1766 1767 696)
4(646 697 1768 1717)
4(696 1767 1768 697)
4(647 698 1769 1718)
4(697 1768 1769 698)
4(648 699 1770 1719)
4(698 1769 1770 699)
4(649 700 1771 1720)
4(699 1770 1771 700)
4(650 701 1772 1721)
4(700 1771 1772 701)
4(651 702 1773 1722)
4(701 1772 1773 702)
4(652 703 1774 1723)
4(702 1773 1774 703)
4(653 704 1775 1724)
4(703 1774 1775 704)
4(654 705 1776 1725)
4(704 1775 1776 705)
4(655 706 1777 1726)
4(705 1776 1777 706)
4(656 707 1778 1727)
4(706 1777 1778 707)
4(657 708 1779 1728)
4(707 1778 1779 708)
4(658 709 1780 1729)
4(708 1779 1780 709)
4(659 710 1781 1730)
4(709 1780 1781 710)
4(660 711 1782 1731)
4(710 1781 1782 711)
4(661 712 1783 1732)
4(711 1782 1783 712)
4(712 1783 1784 713)
4(664 715 1786 1735)
4(714 1785 1786 715)
4(665 716 1787 1736)
4(715 1786 1787 716)
4(666 717 1788 1737)
4(716 1787 1788 717)
4(667 718 1789 1738)
4(717 1788 1789 718)
4(668 719 1790 1739)
4(718 1789 1790 719)
4(669 720 1791 1740)
4(719 1790 1791 720)
4(670 721 1792 1741)
4(720 1791 1792 721)
4(671 722 1793 1742)
4(721 1792 1793 722)
4(672 723 1794 1743)
4(722 1793 1794 723)
4(673 724 1795 1744)
4(723 1794 1795 724)
4(674 725 1796 1745)
4(724 1795 1796 725)
4(675 726 1797 1746)
4(725 1796 1797 726)
4(676 727 1798 1747)
4(726 1797 1798 727)
4(677 728 1799 1748)
4(727 1798 1799 728)
4(678 729 1800 1749)
4(728 1799 1800 729)
4(679 730 1801 1750)
4(729 1800 1801 730)
4(680 731 1802 1751)
4(730 1801 1802 731)
4(681 732 1803 1752)
4(731 1802 1803 732)
4(682 733 1804 1753)
4(732 1803 1804 733)
4(683 734 1805 1754)
4(733 1804 1805 734)
4(684 735 1806 1755)
4(734 1805 1806 735)
4(685 736 1807 1756)
4(735 1806 1807 736)
4(686 737 1808 1757)
4(736 1807 1808 737)
4(687 738 1809 1758)
4(737 1808 1809 738)
4(688 739 1810 1759)
4(738 1809 1810 739)
4(689 740 1811 1760)
4(739 1810 1811 740)
4(690 741 1812 1761)
4(740 1811 1812 741)
4(691 742 1813 1762)
4(741 1812 1813 742)
4(692 743 1814 1763)
4(742 1813 1814 743)
4(693 744 1815 1764)
4(743 1814 1815 744)
4(694 745 1816 1765)
4(744 1815 1816 745)
4(695 746 1817 1766)
4(745 1816 1817 746)
4(696 747 1818 1767)
4(746 1817 1818 747)
4(697 748 1819 1768)
4(747 1818 1819 748)
4(698 749 1820 1769)
4(748 1819 1820 749)
4(699 750 1821 1770)
4(749 1820 1821 750)
4(700 751 1822 1771)
4(750 1821 1822 751)
4(701 752 1823 1772)
4(751 1822 1823 752)
4(702 753 1824 1773)
4(752 1823 1824 753)
4(703 754 1825 1774)
4(753 1824 1825 754)
4(704 755 1826 1775)
4(754 1825 1826 755)
4(705 756 1827 1776)
4(755 1826 1827 756)
4(706 757 1828 1777)
4(756 1827 1828 757)
4(707 758 1829 1778)
4(757 1828 1829 758)
4(708 759 1830 1779)
4(758 1829 1830 759)
4(709 760 1831 1780)
4(759 1830 1831 760)
4(710 761 1832 1781)
4(760 1831 1832 761)
4(711 762 1833 1782)
4(761 1832 1833 762)
4(712 763 1834 1783)
4(762 1833 1834 763)
4(763 1834 1835 764)
4(715 766 1837 1786)
4(765 1836 1837 766)
4(716 767 1838 1787)
4(766 1837 1838 767)
4(717 768 1839 1788)
4(767 1838 1839 768)
4(718 769 1840 1789)
4(768 1839 1840 769)
4(719 770 1841 1790)
4(769 1840 1841 770)
4(720 771 1842 1791)
4(770 1841 1842 771)
4(721 772 1843 1792)
4(771 1842 1843 772)
4(722 773 1844 1793)
4(772 1843 1844 773)
4(723 774 1845 1794)
4(773 1844 1845 774)
4(724 775 1846 1795)
4(774 1845 1846 775)
4(725 776 1847 1796)
4(775 1846 1847 776)
4(726 777 1848 1797)
4(776 1847 1848 777)
4(727 778 1849 1798)
4(777 1848 1849 778)
4(728 779 1850 1799)
4(778 1849 1850 779)
4(729 780 1851 1800)
4(779 1850 1851 780)
4(730 781 1852 1801)
4(780 1851 1852 781)
4(731 782 1853 1802)
4(781 1852 1853 782)
4(732 783 1854 1803)
4(782 1853 1854 783)
4(733 784 1855 1804)
4(783 1854 1855 784)
4(734 785 1856 1805)
4(784 1855 1856 785)
4(735 786 1857 1806)
4(785 1856 1857 786)
4(736 787 1858 1807)
4(786 1857 1858 787)
4(737 788 1859 1808)
4(787 1858 1859 788)
4(738 789 1860 1809)
4(788 1859 1860 789)
4(739 790 1861 1810)
4(789 1860 1861 790)
4(740 791 1862 1811)
4(790 1861 1862 791)
4(741 792 1863 1812)
4(791 1862 1863 792)
4(742 793 1864 1813)
4(792 1863 1864 793)
4(743 794 1865 1814)
4(793 1864 1865 794)
4(744 795 1866 1815)
4(794 1865 1866 795)
4(745 796 1867 1816)
4(795 1866 1867 796)
4(746 797 1868 1817)
4(796 1867 1868 797)
4(747 798 1869 1818)
4(797 1868 1869 798)
4(748 799 1870 1819)
4(798 1869 1870 799)
4(749 800 1871 1820)
4(799 1870 1871 800)
4(750 801 1872 1821)
4(800 1871 1872 801)
4(751 802 1873 1822)
4(801 1872 1873 802)
4(752 803 1874 1823)
4(802 1873 1874 803)
4(753 804 1875 1824)
4(803 1874 1875 804)
4(754 805 1876 1825)
4(804 1875 1876 805)
4(755 806 1877 1826)
4(805 1876 1877 806)
4(756 807 1878 1827)
4(806 1877 1878 807)
4(757 808 1879 1828)
4(807 1878 1879 808)
4(758 809 1880 1829)
4(808 1879 1880 809)
4(759 810 1881 1830)
4(809 1880 1881 810)
4(760 811 1882 1831)
4(810 1881 1882 811)
4(761 812 1883 1832)
4(811 1882 1883 812)
4(762 813 1884 1833)
4(812 1883 1884 813)
4(763 814 1885 1834)
4(813 1884 1885 814)
4(814 1885 1886 815)
4(766 817 1888 1837)
4(816 1887 1888 817)
4(767 818 1889 1838)
4(817 1888 1889 818)
4(768 819 1890 1839)
4(818 1889 1890 819)
4(769 820 1891 1840)
4(819 1890 1891 820)
4(770 821 1892 1841)
4(820 1891 1892 821)
4(771 822 1893 1842)
4(821 1892 1893 822)
4(772 823 1894 1843)
4(822 1893 1894 823)
4(773 824 1895 1844)
4(823 1894 1895 824)
4(774 825 1896 1845)
4(824 1895 1896 825)
4(775 826 1897 1846)
4(825 1896 1897 826)
4(776 827 1898 1847)
4(826 1897 1898 827)
4(777 828 1899 1848)
4(827 1898 1899 828)
4(778 829 1900 1849)
4(828 1899 1900 829)
4(779 830 1901 1850)
4(829 1900 1901 830)
4(780 831 1902 1851)
4(830 1901 1902 831)
4(781 832 1903 1852)
4(831 1902 1903 832)
4(782 833 1904 1853)
4(832 1903 1904 833)
4(783 834 1905 1854)
4(833 1904 1905 834)
4(784 835 1906 1855)
4(834 1905 1906 835)
4(785 836 1907 1856)
4(835 1906 1907 836)
4(786 837 1908 1857)
4(836 1907 1908 837)
4(787 838 1909 1858)
4(837 1908 1909 838)
4(788 839 1910 1859)
4(838 1909 1910 839)
4(789 840 1911 1860)
4(839 1910 1911 840)
4(790 841 1912 1861)
4(840 1911 1912 841)
4(791 842 1913 1862)
4(841 1912 1913 842)
4(792 843 1914 1863)
4(842 1913 1914 843)
4(793 844 1915 1864)
4(843 1914 1915 844)
4(794 845 1916 1865)
4(844 1915 1916 845)
4(795 846 1917 1866)
4(845 1916 1917 846)
4(796 847 1918 1867)
4(846 1917 1918 847)
4(797 848 1919 1868)
4(847 1918 1919 848)
4(798 849 1920 1869)
4(848 1919 1920 849)
4(799 850 1921 1870)
4(849 1920 1921 850)
4(800 851 1922 1871)
4(850 1921 1922 851)
4(801 852 1923 1872)
4(851 1922 1923 852)
4(802 853 1924 1873)
4(852 1923 1924 853)
4(803 854 1925 1874)
4(853 1924 1925 854)
4(804 855 1926 1875)
4(854 1925 1926 855)
4(805 856 1927 1876)
4(855 1926 1927 856)
4(806 857 1928 1877)
4(856 1927 1928 857)
4(807 858 1929 1878)
4(857 1928 1929 858)
4(808 859 1930 1879)
4(858 1929 1930 859)
4(809 860 1931 1880)
4(859 1930 1931 860)
4(810 861 1932 1881)
4(860 1931 1932 861)
4(811 862 1933 1882)
4(861 1932 1933 862)
4(812 863 1934 1883)
4(862 1933 1934 863)
4(813 864 1935 1884)
4(863 1934 1935 864)
4(814 865 1936 1885)
4(864 1935 1936 865)
4(865 1936 1937 866)
4(817 868 1939 1888)
4(867 1938 1939 868)
4(818 869 1940 1889)
4(868 1939 1940 869)
4(819 870 1941 1890)
4(869 1940 1941 870)
4(820 871 1942 1891)
4(870 1941 1942 871)
4(821 872 1943 1892)
4(871 1942 1943 872)
4(822 873 1944 1893)
4(872 1943 1944 873)
4(823 874 1945 1894)
4(873 1944 1945 874)
4(824 875 1946 1895)
4(874 1945 1946 875)
4(825 876 1947 1896)
4(875 1946 1947 876)
4(826 877 1948 1897)
4(876 1947 1948 877)
4(827 878 1949 1898)
4(877 1948 1949 878)
4(828 879 1950 1899)
4(878 1949 1950 879)
4(829 880 1951 1900)
4(879 1950 1951 880)
4(830 881 1952 1901)
4(880 1951 1952 881)
4(831 882 1953 1902)
4(881 1952 1953 882)
4(832 883 1954 1903)
4(882 1953 1954 883)
4(833 884 1955 1904)
4(883 1954 1955 884)
4(834 885 1956 1905)
4(884 1955 1956 885)
4(835 886 1957 1906)
4(885 1956 1957 886)
4(836 887 1958 1907)
4(886 1957 1958 887)
4(837 888 1959 1908)
4(887 1958 1959 888)
4(838 889 1960 1909)
4(888 1959 1960 889)
4(839 890 1961 1910)
4(889 1960 1961 890)
4(840 891 1962 1911)
4(890 1961 1962 891)
4(841 892 1963 1912)
4(891 1962 1963 892)
4(842 893 1964 1913)
4(892 1963 1964 893)
4(843 894 1965 1914)
4(893 1964 1965 894)
4(844 895 1966 1915)
4(894 1965 1966 895)
4(845 896 1967 1916)
4(895 1966 1967 896)
4(846 897 1968 1917)
4(896 1967 1968 897)
4(847 898 1969 1918)
4(897 1968 1969 898)
4(848 899 1970 1919)
4(898 1969 1970 899)
4(849 900 1971 1920)
4(899 1970 1971 900)
4(850 901 1972 1921)
4(900 1971 1972 901)
4(851 902 1973 1922)
4(901 1972 1973 902)
4(852 903 1974 1923)
4(902 1973 1974 903)
4(853 904 1975 1924)
4(903 1974 1975 904)
4(854 905 1976 1925)
4(904 1975 1976 905)
4(855 906 1977 1926)
4(905 1976 1977 906)
4(856 907 1978 1927)
4(906 1977 1978 907)
4(857 908 1979 1928)
4(907 1978 1979 908)
4(858 909 1980 1929)
4(908 1979 1980 909)
4(859 910 1981 1930)
4(909 1980 1981 910)
4(860 911 1982 1931)
4(910 1981 1982 911)
4(861 912 1983 1932)
4(911 1982 1983 912)
4(862 913 1984 1933)
4(912 1983 1984 913)
4(863 914 1985 1934)
4(913 1984 1985 914)
4(864 915 1986 1935)
4(914 1985 1986 915)
4(865 916 1987 1936)
4(915 1986 1987 916)
4(916 1987 1988 917)
4(868 919 1990 1939)
4(918 1989 1990 919)
4(869 920 1991 1940)
4(919 1990 1991 920)
4(870 921 1992 1941)
4(920 1991 1992 921)
4(871 922 1993 1942)
4(921 1992 1993 922)
4(872 923 1994 1943)
4(922 1993 1994 923)
4(873 924 1995 1944)
4(923 1994 1995 924)
4(874 925 1996 1945)
4(924 1995 1996 925)
4(875 926 1997 1946)
4(925 1996 1997 926)
4(876 927 1998 1947)
4(926 1997 1998 927)
4(877 928 1999 1948)
4(927 1998 1999 928)
4(878 929 2000 1949)
4(928 1999 2000 929)
4(879 930 2001 1950)
4(929 2000 2001 930)
4(880 931 2002 1951)
4(930 2001 2002 931)
4(881 932 2003 1952)
4(931 2002 2003 932)
4(882 933 2004 1953)
4(932 2003 2004 933)
4(883 934 2005 1954)
4(933 2004 2005 934)
4(884 935 2006 1955)
4(934 2005 2006 935)
4(885 936 2007 1956)
4(935 2006 2007 936)
4(886 937 2008 1957)
4(936 2007 2008 937)
4(887 938 2009 1958)
4(937 2008 2009 938)
4(888 939 2010 1959)
4(938 2009 2010 939)
4(889 940 2011 1960)
4(939 2010 2011 940)
4(890 941 2012 1961)
4(940 2011 2012 941)
4(891 942 2013 1962)
4(941 2012 2013 942)
4(892 943 2014 1963)
4(942 2013 2014 943)
4(893 944 2015 1964)
4(943 2014 2015 944)
4(894 945 2016 1965)
4(944 2015 2016 945)
4(895 946 2017 1966)
4(945 2016 2017 946)
4(896 947 2018 1967)
4(946 2017 2018 947)
4(897 948 2019 1968)
4(947 2018 2019 948)
4(898 949 2020 1969)
4(948 2019 2020 949)
4(899 950 2021 1970)
4(949 2020 2021 950)
4(900 951 2022 1971)
4(950 2021 2022 951)
4(901 952 2023 1972)
4(951 2022 2023 952)
4(902 953 2024 1973)
4(952 2023 2024 953)
4(903 954 2025 1974)
4(953 2024 2025 954)
4(904 955 2026 1975)
4(954 2025 2026 955)
4(905 956 2027 1976)
4(955 2026 2027 956)
4(906 957 2028 1977)
4(956 2027 2028 957)
4(907 958 2029 1978)
4(957 2028 2029 958)
4(908 959 2030 1979)
4(958 2029 2030 959)
4(909 960 2031 1980)
4(959 2030 2031 960)
4(910 961 2032 1981)
4(960 2031 2032 961)
4(911 962 2033 1982)
4(961 2032 2033 962)
4(912 963 2034 1983)
4(962 2033 2034 963)
4(913 964 2035 1984)
4(963 2034 2035 964)
4(914 965 2036 1985)
4(964 2035 2036 965)
4(915 966 2037 1986)
4(965 2036 2037 966)
4(916 967 2038 1987)
4(966 2037 2038 967)
4(967 2038 2039 968)
4(919 970 2041 1990)
4(969 2040 2041 970)
4(920 971 2042 1991)
4(970 2041 2042 971)
4(921 972 2043 1992)
4(971 2042 2043 972)
4(922 973 2044 1993)
4(972 2043 2044 973)
4(923 974 2045 1994)
4(973 2044 2045 974)
4(924 975 2046 1995)
4(974 2045 2046 975)
4(925 976 2047 1996)
4(975 2046 2047 976)
4(926 977 2048 1997)
4(976 2047 2048 977)
4(927 978 2049 1998)
4(977 2048 2049 978)
4(928 979 2050 1999)
4(978 2049 2050 979)
4(929 980 2051 2000)
4(979 2050 2051 980)
4(930 981 2052 2001)
4(980 2051 2052 981)
4(931 982 2053 2002)
4(981 2052 2053 982)
4(932 983 2054 2003)
4(982 2053 2054 983)
4(933 984 2055 2004)
4(983 2054 2055 984)
4(934 985 2056 2005)
4(984 2055 2056 985)
4(935 986 2057 2006)
4(985 2056 2057 986)
4(936 987 2058 2007)
4(986 2057 2058 987)
4(937 988 2059 2008)
4(987 2058 2059 988)
4(938 989 2060 2009)
4(988 2059 2060 989)
4(939 990 2061 2010)
4(989 2060 2061 990)
4(940 991 2062 2011)
4(990 2061 2062 991)
4(941 992 2063 2012)
4(991 2062 2063 992)
4(942 993 2064 2013)
4(992 2063 2064 993)
4(943 994 2065 2014)
4(993 2064 2065 994)
4(944 995 2066 2015)
4(994 2065 2066 995)
4(945 996 2067 2016)
4(995 2066 2067 996)
4(946 997 2068 2017)
4(996 2067 2068 997)
4(947 998 2069 2018)
4(997 2068 2069 998)
4(948 999 2070 2019)
4(998 2069 2070 999)
4(949 1000 2071 2020)
4(999 2070 2071 1000)
4(950 1001 2072 2021)
4(1000 2071 2072 1001)
4(951 1002 2073 2022)
4(1001 2072 2073 1002)
4(952 1003 2074 2023)
4(1002 2073 2074 1003)
4(953 1004 2075 2024)
4(1003 2074 2075 1004)
4(954 1005 2076 2025)
4(1004 2075 2076 1005)
4(955 1006 2077 2026)
4(1005 2076 2077 1006)
4(956 1007 2078 2027)
4(1006 2077 2078 1007)
4(957 1008 2079 2028)
4(1007 2078 2079 1008)
4(958 1009 2080 2029)
4(1008 2079 2080 1009)
4(959 1010 2081 2030)
4(1009 2080 2081 1010)
4(960 1011 2082 2031)
4(1010 2081 2082 1011)
4(961 1012 2083 2032)
4(1011 2082 2083 1012)
4(962 1013 2084 2033)
4(1012 2083 2084 1013)
4(963 1014 2085 2034)
4(1013 2084 2085 1014)
4(964 1015 2086 2035)
4(1014 2085 2086 1015)
4(965 1016 2087 2036)
4(1015 2086 2087 1016)
4(966 1017 2088 2037)
4(1016 2087 2088 1017)
4(967 1018 2089 2038)
4(1017 2088 2089 1018)
4(1018 2089 2090 1019)
4(970 1021 2092 2041)
4(971 1022 2093 2042)
4(972 1023 2094 2043)
4(973 1024 2095 2044)
4(974 1025 2096 2045)
4(975 1026 2097 2046)
4(976 1027 2098 2047)
4(977 1028 2099 2048)
4(978 1029 2100 2049)
4(979 1030 2101 2050)
4(980 1031 2102 2051)
4(981 1032 2103 2052)
4(982 1033 2104 2053)
4(983 1034 2105 2054)
4(984 1035 2106 2055)
4(985 1036 2107 2056)
4(986 1037 2108 2057)
4(987 1038 2109 2058)
4(988 1039 2110 2059)
4(989 1040 2111 2060)
4(990 1041 2112 2061)
4(991 1042 2113 2062)
4(992 1043 2114 2063)
4(993 1044 2115 2064)
4(994 1045 2116 2065)
4(995 1046 2117 2066)
4(996 1047 2118 2067)
4(997 1048 2119 2068)
4(998 1049 2120 2069)
4(999 1050 2121 2070)
4(1000 1051 2122 2071)
4(1001 1052 2123 2072)
4(1002 1053 2124 2073)
4(1003 1054 2125 2074)
4(1004 1055 2126 2075)
4(1005 1056 2127 2076)
4(1006 1057 2128 2077)
4(1007 1058 2129 2078)
4(1008 1059 2130 2079)
4(1009 1060 2131 2080)
4(1010 1061 2132 2081)
4(1011 1062 2133 2082)
4(1012 1063 2134 2083)
4(1013 1064 2135 2084)
4(1014 1065 2136 2085)
4(1015 1066 2137 2086)
4(1016 1067 2138 2087)
4(1017 1068 2139 2088)
4(1018 1069 2140 2089)
4(0 1071 1122 51)
4(51 1122 1173 102)
4(102 1173 1224 153)
4(153 1224 1275 204)
4(204 1275 1326 255)
4(255 1326 1377 306)
4(306 1377 1428 357)
4(357 1428 1479 408)
4(408 1479 1530 459)
4(459 1530 1581 510)
4(510 1581 1632 561)
4(561 1632 1683 612)
4(612 1683 1734 663)
4(663 1734 1785 714)
4(714 1785 1836 765)
4(765 1836 1887 816)
4(816 1887 1938 867)
4(867 1938 1989 918)
4(918 1989 2040 969)
4(969 2040 2091 1020)
4(50 101 1172 1121)
4(101 152 1223 1172)
4(152 203 1274 1223)
4(203 254 1325 1274)
4(254 305 1376 1325)
4(305 356 1427 1376)
4(356 407 1478 1427)
4(407 458 1529 1478)
4(458 509 1580 1529)
4(509 560 1631 1580)
4(560 611 1682 1631)
4(611 662 1733 1682)
4(662 713 1784 1733)
4(713 764 1835 1784)
4(764 815 1886 1835)
4(815 866 1937 1886)
4(866 917 1988 1937)
4(917 968 2039 1988)
4(968 1019 2090 2039)
4(1019 1070 2141 2090)
4(0 1 1072 1071)
4(1 2 1073 1072)
4(2 3 1074 1073)
4(3 4 1075 1074)
4(4 5 1076 1075)
4(5 6 1077 1076)
4(6 7 1078 1077)
4(7 8 1079 1078)
4(8 9 1080 1079)
4(9 10 1081 1080)
4(10 11 1082 1081)
4(11 12 1083 1082)
4(12 13 1084 1083)
4(13 14 1085 1084)
4(14 15 1086 1085)
4(15 16 1087 1086)
4(16 17 1088 1087)
4(17 18 1089 1088)
4(18 19 1090 1089)
4(19 20 1091 1090)
4(20 21 1092 1091)
4(21 22 1093 1092)
4(22 23 1094 1093)
4(23 24 1095 1094)
4(24 25 1096 1095)
4(25 26 1097 1096)
4(26 27 1098 1097)
4(27 28 1099 1098)
4(28 29 1100 1099)
4(29 30 1101 1100)
4(30 31 1102 1101)
4(31 32 1103 1102)
4(32 33 1104 1103)
4(33 34 1105 1104)
4(34 35 1106 1105)
4(35 36 1107 1106)
4(36 37 1108 1107)
4(37 38 1109 1108)
4(38 39 1110 1109)
4(39 40 1111 1110)
4(40 41 1112 1111)
4(41 42 1113 1112)
4(42 43 1114 1113)
4(43 44 1115 1114)
4(44 45 1116 1115)
4(45 46 1117 1116)
4(46 47 1118 1117)
4(47 48 1119 1118)
4(48 49 1120 1119)
4(49 50 1121 1120)
4(1020 2091 2092 1021)
4(1021 2092 2093 1022)
4(1022 2093 2094 1023)
4(1023 2094 2095 1024)
4(1024 2095 2096 1025)
4(1025 2096 2097 1026)
4(1026 2097 2098 1027)
4(1027 2098 2099 1028)
4(1028 2099 2100 1029)
4(1029 2100 2101 1030)
4(1030 2101 2102 1031)
4(1031 2102 2103 1032)
4(1032 2103 2104 1033)
4(1033 2104 2105 1034)
4(1034 2105 2106 1035)
4(1035 2106 2107 1036)
4(1036 2107 2108 1037)
4(1037 2108 2109 1038)
4(1038 2109 2110 1039)
4(1039 2110 2111 1040)
4(1040 2111 2112 1041)
4(1041 2112 2113 1042)
4(1042 2113 2114 1043)
4(1043 2114 2115 1044)
4(1044 2115 2116 1045)
4(1045 2116 2117 1046)
4(1046 2117 2118 1047)
4(1047 2118 2119 1048)
4(1048 2119 2120 1049)
4(1049 2120 2121 1050)
4(1050 2121 2122 1051)
4(1051 2122 2123 1052)
4(1052 2123 2124 1053)
4(1053 2124 2125 1054)
4(1054 2125 2126 1055)
4(1055 2126 2127 1056)
4(1056 2127 2128 1057)
4(1057 2128 2129 1058)
4(1058 2129 2130 1059)
4(1059 2130 2131 1060)
4(1060 2131 2132 1061)
4(1061 2132 2133 1062)
4(1062 2133 2134 1063)
4(1063 2134 2135 1064)
4(1064 2135 2136 1065)
4(1065 2136 2137 1066)
4(1066 2137 2138 1067)
4(1067 2138 2139 1068)
4(1068 2139 2140 1069)
4(1069 2140 2141 1070)
4(1071 1072 1123 1122)
4(1122 1123 1174 1173)
4(1173 1174 1225 1224)
4(1224 1225 1276 1275)
4(1275 1276 1327 1326)
4(1326 1327 1378 1377)
4(1377 1378 1429 1428)
4(1428 1429 1480 1479)
4(1479 1480 1531 1530)
4(1530 1531 1582 1581)
4(1581 1582 1633 1632)
4(1632 1633 1684 1683)
4(1683 1684 1735 1734)
4(1734 1735 1786 1785)
4(1785 1786 1837 1836)
4(1836 1837 1888 1887)
4(1887 1888 1939 1938)
4(1938 1939 1990 1989)
4(1989 1990 2041 2040)
4(2040 2041 2092 2091)
4(1072 1073 1124 1123)
4(1123 1124 1175 1174)
4(1174 1175 1226 1225)
4(1225 1226 1277 1276)
4(1276 1277 1328 1327)
4(1327 1328 1379 1378)
4(1378 1379 1430 1429)
4(1429 1430 1481 1480)
4(1480 1481 1532 1531)
4(1531 1532 1583 1582)
4(1582 1583 1634 1633)
4(1633 1634 1685 1684)
4(1684 1685 1736 1735)
4(1735 1736 1787 1786)
4(1786 1787 1838 1837)
4(1837 1838 1889 1888)
4(1888 1889 1940 1939)
4(1939 1940 1991 1990)
4(1990 1991 2042 2041)
4(2041 2042 2093 2092)
4(1073 1074 1125 1124)
4(1124 1125 1176 1175)
4(1175 1176 1227 1226)
4(1226 1227 1278 1277)
4(1277 1278 1329 1328)
4(1328 1329 1380 1379)
4(1379 1380 1431 1430)
4(1430 1431 1482 1481)
4(1481 1482 1533 1532)
4(1532 1533 1584 1583)
4(1583 1584 1635 1634)
4(1634 1635 1686 1685)
4(1685 1686 1737 1736)
4(1736 1737 1788 1787)
4(1787 1788 1839 1838)
4(1838 1839 1890 1889)
4(1889 1890 1941 1940)
4(1940 1941 1992 1991)
4(1991 1992 2043 2042)
4(2042 2043 2094 2093)
4(1074 1075 1126 1125)
4(1125 1126 1177 1176)
4(1176 1177 1228 1227)
4(1227 1228 1279 1278)
4(1278 1279 1330 1329)
4(1329 1330 1381 1380)
4(1380 1381 1432 1431)
4(1431 1432 1483 1482)
4(1482 1483 1534 1533)
4(1533 1534 1585 1584)
4(1584 1585 1636 1635)
4(1635 1636 1687 1686)
4(1686 1687 1738 1737)
4(1737 1738 1789 1788)
4(1788 1789 1840 1839)
4(1839 1840 1891 1890)
4(1890 1891 1942 1941)
4(1941 1942 1993 1992)
4(1992 1993 2044 2043)
4(2043 2044 2095 2094)
4(1075 1076 1127 1126)
4(1126 1127 1178 1177)
4(1177 1178 1229 1228)
4(1228 1229 1280 1279)
4(1279 1280 1331 1330)
4(1330 1331 1382 1381)
4(1381 1382 1433 1432)
4(1432 1433 1484 1483)
4(1483 1484 1535 1534)
4(1534 1535 1586 1585)
4(1585 1586 1637 1636)
4(1636 1637 1688 1687)
4(1687 1688 1739 1738)
4(1738 1739 1790 1789)
4(1789 1790 1841 1840)
4(1840 1841 1892 1891)
4(1891 1892 1943 1942)
4(1942 1943 1994 1993)
4(1993 1994 2045 2044)
4(2044 2045 2096 2095)
4(1076 1077 1128 1127)
4(1127 1128 1179 1178)
4(1178 1179 1230 1229)
4(1229 1230 1281 1280)
4(1280 1281 1332 1331)
4(1331 1332 1383 1382)
4(1382 1383 1434 1433)
4(1433 1434 1485 1484)
4(1484 1485 1536 1535)
4(1535 1536 1587 1586)
4(1586 1587 1638 1637)
4(1637 1638 1689 1688)
4(1688 1689 1740 1739)
4(1739 1740 1791 1790)
4(1790 1791 1842 1841)
4(1841 1842 1893 1892)
4(1892 1893 1944 1943)
4(1943 1944 1995 1994)
4(1994 1995 2046 2045)
4(2045 2046 2097 2096)
4(1077 1078 1129 1128)
4(1128 1129 1180 1179)
4(1179 1180 1231 1230)
4(1230 1231 1282 1281)
4(1281 1282 1333 1332)
4(1332 1333 1384 1383)
4(1383 1384 1435 1434)
4(1434 1435 1486 1485)
4(1485 1486 1537 1536)
4(1536 1537 1588 1587)
4(1587 1588 1639 1638)
4(1638 1639 1690 1689)
4(1689 1690 1741 1740)
4(1740 1741 1792 1791)
4(1791 1792 1843 1842)
4(1842 1843 1894 1893)
4(1893 1894 1945 1944)
4(1944 1945 1996 1995)
4(1995 1996 2047 2046)
4(2046 2047 2098 2097)
4(1078 1079 1130 1129)
4(1129 1130 1181 1180)
4(1180 1181 1232 1231)
4(1231 1232 1283 1282)
4(1282 1283 1334 1333)
4(1333 1334 1385 1384)
4(1384 1385 1436 1435)
4(1435 1436 1487 1486)
4(1486 1487 1538 1537)
4(1537 1538 1589 1588)
4(1588 1589 1640 1639)
4(1639 1640 1691 1690)
4(1690 1691 1742 1741)
4(1741 1742 1793 1792)
4(1792 1793 1844 1843)
4(1843 1844 1895 1894)
4(1894 1895 1946 1945)
4(1945 1946 1997 1996)
4(1996 1997 2048 2047)
4(2047 2048 2099 2098)
4(1079 1080 1131 1130)
4(1130 1131 1182 1181)
4(1181 1182 1233 1232)
4(1232 1233 1284 1283)
4(1283 1284 1335 1334)
4(1334 1335 1386 1385)
4(1385 1386 1437 1436)
4(1436 1437 1488 1487)
4(1487 1488 1539 1538)
4(1538 1539 1590 1589)
4(1589 1590 1641 1640)
4(1640 1641 1692 1691)
4(1691 1692 1743 1742)
4(1742 1743 1794 1793)
4(1793 1794 1845 1844)
4(1844 1845 1896 1895)
4(1895 1896 1947 1946)
4(1946 1947 1998 1997)
4(1997 1998 2049 2048)
4(2048 2049 2100 2099)
4(1080 1081 1132 1131)
4(1131 1132 1183 1182)
4(1182 1183 1234 1233)
4(1233 1234 1285 1284)
4(1284 1285 1336 1335)
4(1335 1336 1387 1386)
4(1386 1387 1438 1437)
4(1437 1438 1489 1488)
4(1488 1489 1540 1539)
4(1539 1540 1591 1590)
4(1590 1591 1642 1641)
4(1641 1642 1693 1692)
4(1692 1693 1744 1743)
4(1743 1744 1795 1794)
4(1794 1795 1846 1845)
4(1845 1846 1897 1896)
4(1896 1897 1948 1947)
4(1947 1948 1999 1998)
4(1998 1999 2050 2049)
4(2049 2050 2101 2100)
4(1081 1082 1133 1132)
4(1132 1133 1184 1183)
4(1183 1184 1235 1234)
4(1234 1235 1286 1285)
4(1285 1286 1337 1336)
4(1336 1337 1388 1387)
4(1387 1388 1439 1438)
4(1438 1439 1490 1489)
4(1489 1490 1541 1540)
4(1540 1541 1592 1591)
4(1591 1592 1643 1642)
4(1642 1643 1694 1693)
4(1693 1694 1745 1744)
4(1744 1745 1796 1795)
4(1795 1796 1847 1846)
4(1846 1847 1898 1897)
4(1897 1898 1949 1948)
4(1948 1949 2000 1999)
4(1999 2000 2051 2050)
4(2050 2051 2102 2101)
4(1082 1083 1134 1133)
4(1133 1134 1185 1184)
4(1184 1185 1236 1235)
4(1235 1236 1287 1286)
4(1286 1287 1338 1337)
4(1337 1338 1389 1388)
4(1388 1389 1440 1439)
4(1439 1440 1491 1490)
4(1490 1491 1542 1541)
4(1541 1542 1593 1592)
4(1592 1593 1644 1643)
4(1643 1644 1695 1694)
4(1694 1695 1746 1745)
4(1745 1746 1797 1796)
4(1796 1797 1848 1847)
4(1847 1848 1899 1898)
4(1898 1899 1950 1949)
4(1949 1950 2001 2000)
4(2000 2001 2052 2051)
4(2051 2052 2103 2102)
4(1083 1084 1135 1134)
4(1134 1135 1186 1185)
4(1185 1186 1237 1236)
4(1236 1237 1288 1287)
4(1287 1288 1339 1338)
4(1338 1339 1390 1389)
4(1389 1390 1441 1440)
4(1440 1441 1492 1491)
4(1491 1492 1543 1542)
4(1542 1543 1594 1593)
4(1593 1594 1645 1644)
4(1644 1645 1696 1695)
4(1695 1696 1747 1746)
4(1746 1747 1798 1797)
4(1797 1798 1849 1848)
4(1848 1849 1900 1899)
4(1899 1900 1951 1950)
4(1950 1951 2002 2001)
4(2001 2002 2053 2052)
4(2052 2053 2104 2103)
4(1084 1085 1136 1135)
4(1135 1136 1187 1186)
4(1186 1187 1238 1237)
4(1237 1238 1289 1288)
4(1288 1289 1340 1339)
4(1339 1340 1391 1390)
4(1390 1391 1442 1441)
4(1441 1442 1493 1492)
4(1492 1493 1544 1543)
4(1543 1544 1595 1594)
4(1594 1595 1646 1645)
4(1645 1646 1697 1696)
4(1696 1697 1748 1747)
4(1747 1748 1799 1798)
4(1798 1799 1850 1849)
4(1849 1850 1901 1900)
4(1900 1901 1952 1951)
4(1951 1952 2003 2002)
4(2002 2003 2054 2053)
4(2053 2054 2105 2104)
4(1085 1086 1137 1136)
4(1136 1137 1188 1187)
4(1187 1188 1239 1238)
4(1238 1239 1290 1289)
4(1289 1290 1341 1340)
4(1340 1341 1392 1391)
4(1391 1392 1443 1442)
4(1442 1443 1494 1493)
4(1493 1494 1545 1544)
4(1544 1545 1596 1595)
4(1595 1596 1647 1646)
4(1646 1647 1698 1697)
4(1697 1698 1749 1748)
4(1748 1749 1800 1799)
4(1799 1800 1851 1850)
4(1850 1851 1902 1901)
4(1901 1902 1953 1952)
4(1952 1953 2004 2003)
4(2003 2004 2055 2054)
4(2054 2055 2106 2105)
4(1086 1087 1138 1137)
4(1137 1138 1189 1188)
4(1188 1189 1240 1239)
4(1239 1240 1291 1290)
4(1290 1291 1342 1341)
4(1341 1342 1393 1392)
4(1392 1393 1444 1443)
4(1443 1444 1495 1494)
4(1494 1495 1546 1545)
4(1545 1546 1597 1596)
4(1596 1597 1648 1647)
4(1647 1648 1699 1698)
4(1698 1699 1750 1749)
4(1749 1750 1801 1800)
4(1800 1801 1852 1851)
4(1851 1852 1903 1902)
4(1902 1903 1954 1953)
4(1953 1954 2005 2004)
4(2004 2005 2056 2055)
4(2055 2056 2107 2106)
4(1087 1088 1139 1138)
4(1138 1139 1190 1189)
4(1189 1190 1241 1240)
4(1240 1241 1292 1291)
4(1291 1292 1343 1342)
4(1342 1343 1394 1393)
4(1393 1394 1445 1444)
4(1444 1445 1496 1495)
4(1495 1496 1547 1546)
4(1546 1547 1598 1597)
4(1597 1598 1649 1648)
4(1648 1649 1700 1699)
4(1699 1700 1751 1750)
4(1750 1751 1802 1801)
4(1801 1802 1853 1852)
4(1852 1853 1904 1903)
4(1903 1904 1955 1954)
4(1954 1955 2006 2005)
4(2005 2006 2057 2056)
4(2056 2057 2108 2107)
4(1088 1089 1140 1139)
4(1139 1140 1191 1190)
4(1190 1191 1242 1241)
4(1241 1242 1293 1292)
4(1292 1293 1344 1343)
4(1343 1344 1395 1394)
4(1394 1395 1446 1445)
4(1445 1446 1497 1496)
4(1496 1497 1548 1547)
4(1547 1548 1599 1598)
4(1598 1599 1650 1649)
4(1649 1650 1701 1700)
4(1700 1701 1752 1751)
4(1751 1752 1803 1802)
4(1802 1803 1854 1853)
4(1853 1854 1905 1904)
4(1904 1905 1956 1955)
4(1955 1956 2007 2006)
4(2006 2007 2058 2057)
4(2057 2058 2109 2108)
4(1089 1090 1141 1140)
4(1140 1141 1192 1191)
4(1191 1192 1243 1242)
4(1242 1243 1294 1293)
4(1293 1294 1345 1344)
4(1344 1345 1396 1395)
4(1395 1396 1447 1446)
4(1446 1447 1498 1497)
4(1497 1498 1549 1548)
4(1548 1549 1600 1599)
4(1599 1600 1651 1650)
4(1650 1651 1702 1701)
4(1701 1702 1753 1752)
4(1752 1753 1804 1803)
4(1803 1804 1855 1854)
4(1854 1855 1906 1905)
4(1905 1906 1957 1956)
4(1956 1957 2008 2007)
4(2007 2008 2059 2058)
4(2058 2059 2110 2109)
4(1090 1091 1142 1141)
4(1141 1142 1193 1192)
4(1192 1193 1244 1243)
4(1243 1244 1295 1294)
4(1294 1295 1346 1345)
4(1345 1346 1397 1396)
4(1396 1397 1448 1447)
4(1447 1448 1499 1498)
4(1498 1499 1550 1549)
4(1549 1550 1601 1600)
4(1600 1601 1652 1651)
4(1651 1652 1703 1702)
4(1702 1703 1754 1753)
4(1753 1754 1805 1804)
4(1804 1805 1856 1855)
4(1855 1856 1907 1906)
4(1906 1907 1958 1957)
4(1957 1958 2009 2008)
4(2008 2009 2060 2059)
4(2059 2060 2111 2110)
4(1091 1092 1143 1142)
4(1142 1143 1194 1193)
4(1193 1194 1245 1244)
4(1244 1245 1296 1295)
4(1295 1296 1347 1346)
4(1346 1347 1398 1397)
4(1397 1398 1449 1448)
4(1448 1449 1500 1499)
4(1499 1500 1551 1550)
4(1550 1551 1602 1601)
4(1601 1602 1653 1652)
4(1652 1653 1704 1703)
4(1703 1704 1755 1754)
4(1754 1755 1806 1805)
4(1805 1806 1857 1856)
4(1856 1857 1908 1907)
4(1907 1908 1959 1958)
4(1958 1959 2010 2009)
4(2009 2010 2061 2060)
4(2060 2061 2112 2111)
4(1092 1093 1144 1143)
4(1143 1144 1195 1194)
4(1194 1195 1246 1245)
4(1245 1246 1297 1296)
4(1296 1297 1348 1347)
4(1347 1348 1399 1398)
4(1398 1399 1450 1449)
4(1449 1450 1501 1500)
4(1500 1501 1552 1551)
4(1551 1552 1603 1602)
4(1602 1603 1654 1653)
4(1653 1654 1705 1704)
4(1704 1705 1756 1755)
4(1755 1756 1807 1806)
4(1806 1807 1858 1857)
4(1857 1858 1909 1908)
4(1908 1909 1960 1959)
4(1959 1960 2011 2010)
4(2010 2011 2062 2061)
4(2061 2062 2113 2112)
4(1093 1094 1145 1144)
4(1144 1145 1196 1195)
4(1195 1196 1247 1246)
4(1246 1247 1298 1297)
4(1297 1298 1349 1348)
4(1348 1349 1400 1399)
4(1399 1400 1451 1450)
4(1450 1451 1502 1501)
4(1501 1502 1553 1552)
4(1552 1553 1604 1603)
4(1603 1604 1655 1654)
4(1654 1655 1706 1705)
4(1705 1706 1757 1756)
4(1756 1757 1808 1807)
4(1807 1808 1859 1858)
4(1858 1859 1910 1909)
4(1909 1910 1961 1960)
4(1960 1961 2012 2011)
4(2011 2012 2063 2062)
4(2062 2063 2114 2113)
4(1094 1095 1146 1145)
4(1145 1146 1197 1196)
4(1196 1197 1248 1247)
4(1247 1248 1299 1298)
4(1298 1299 1350 1349)
4(1349 1350 1401 1400)
4(1400 1401 1452 1451)
4(1451 1452 1503 1502)
4(1502 1503 1554 1553)
4(1553 1554 1605 1604)
4(1604 1605 1656 1655)
4(1655 1656 1707 1706)
4(1706 1707 1758 1757)
4(1757 1758 1809 1808)
4(1808 1809 1860 1859)
4(1859 1860 1911 1910)
4(1910 1911 1962 1961)
4(1961 1962 2013 2012)
4(2012 2013 2064 2063)
4(2063 2064 2115 2114)
4(1095 1096 1147 1146)
4(1146 1147 1198 1197)
4(1197 1198 1249 1248)
4(1248 1249 1300 1299)
4(1299 1300 1351 1350)
4(1350 1351 1402 1401)
4(1401 1402 1453 1452)
4(1452 1453 1504 1503)
4(1503 1504 1555 1554)
4(1554 1555 1606 1605)
4(1605 1606 1657 1656)
4(1656 1657 1708 1707)
4(1707 1708 1759 1758)
4(1758 1759 1810 1809)
4(1809 1810 1861 1860)
4(1860 1861 1912 1911)
4(1911 1912 1963 1962)
4(1962 1963 2014 2013)
4(2013 2014 2065 2064)
4(2064 2065 2116 2115)
4(1096 1097 1148 1147)
4(1147 1148 1199 1198)
4(1198 1199 1250 1249)
4(1249 1250 1301 1300)
4(1300 1301 1352 1351)
4(1351 1352 1403 1402)
4(1402 1403 1454 1453)
4(1453 1454 1505 1504)
4(1504 1505 1556 1555)
4(1555 1556 1607 1606)
4(1606 1607 1658 1657)
4(1657 1658 1709 1708)
4(1708 1709 1760 1759)
4(1759 1760 1811 1810)
4(1810 1811 1862 1861)
4(1861 1862 1913 1912)
4(1912 1913 1964 1963)
4(1963 1964 2015 2014)
4(2014 2015 2066 2065)
4(2065 2066 2117 2116)
4(1097 1098 1149 1148)
4(1148 1149 1200 1199)
4(1199 1200 1251 1250)
4(1250 1251 1302 1301)
4(1301 1302 1353 1352)
4(1352 1353 1404 1403)
4(1403 1404 1455 1454)
4(1454 1455 1506 1505)
4(1505 1506 1557 1556)
4(1556 1557 1608 1607)
4(1607 1608 1659 1658)
4(1658 1659 1710 1709)
4(1709 1710 1761 1760)
4(1760 1761 1812 1811)
4(1811 1812 1863 1862)
4(1862 1863 1914 1913)
4(1913 1914 1965 1964)
4(1964 1965 2016 2015)
4(2015 2016 2067 2066)
4(2066 2067 2118 2117)
4(1098 1099 1150 1149)
4(1149 1150 1201 1200)
4(1200 1201 1252 1251)
4(1251 1252 1303 1302)
4(1302 1303 1354 1353)
4(1353 1354 1405 1404)
4(1404 1405 1456 1455)
4(1455 1456 1507 1506)
4(1506 1507 1558 1557)
4(1557 1558 1609 1608)
4(1608 1609 1660 1659)
4(1659 1660 1711 1710)
4(1710 1711 1762 1761)
4(1761 1762 1813 1812)
4(1812 1813 1864 1863)
4(1863 1864 1915 1914)
4(1914 1915 1966 1965)
4(1965 1966 2017 2016)
4(2016 2017 2068 2067)
4(2067 2068 2119 2118)
4(1099 1100 1151 1150)
4(1150 1151 1202 1201)
4(1201 1202 1253 1252)
4(1252 1253 1304 1303)
4(1303 1304 1355 1354)
4(1354 1355 1406 1405)
4(1405 1406 1457 1456)
4(1456 1457 1508 1507)
4(1507 1508 1559 1558)
4(1558 1559 1610 1609)
4(1609 1610 1661 1660)
4(1660 1661 1712 1711)
4(1711 1712 1763 1762)
4(1762 1763 1814 1813)
4(1813 1814 1865 1864)
4(1864 1865 1916 1915)
4(1915 1916 1967 1966)
4(1966 1967 2018 2017)
4(2017 2018 2069 2068)
4(2068 2069 2120 2119)
4(1100 1101 1152 1151)
4(1151 1152 1203 1202)
4(1202 1203 1254 1253)
4(1253 1254 1305 1304)
4(1304 1305 1356 1355)
4(1355 1356 1407 1406)
4(1406 1407 1458 1457)
4(1457 1458 1509 1508)
4(1508 1509 1560 1559)
4(1559 1560 1611 1610)
4(1610 1611 1662 1661)
4(1661 1662 1713 1712)
4(1712 1713 1764 1763)
4(1763 1764 1815 1814)
4(1814 1815 1866 1865)
4(1865 1866 1917 1916)
4(1916 1917 1968 1967)
4(1967 1968 2019 2018)
4(2018 2019 2070 2069)
4(2069 2070 2121 2120)
4(1101 1102 1153 1152)
4(1152 1153 1204 1203)
4(1203 1204 1255 1254)
4(1254 1255 1306 1305)
4(1305 1306 1357 1356)
4(1356 1357 1408 1407)
4(1407 1408 1459 1458)
4(1458 1459 1510 1509)
4(1509 1510 1561 1560)
4(1560 1561 1612 1611)
4(1611 1612 1663 1662)
4(1662 1663 1714 1713)
4(1713 1714 1765 1764)
4(1764 1765 1816 1815)
4(1815 1816 1867 1866)
4(1866 1867 1918 1917)
4(1917 1918 1969 1968)
4(1968 1969 2020 2019)
4(2019 2020 2071 2070)
4(2070 2071 2122 2121)
4(1102 1103 1154 1153)
4(1153 1154 1205 1204)
4(1204 1205 1256 1255)
4(1255 1256 1307 1306)
4(1306 1307 1358 1357)
4(1357 1358 1409 1408)
4(1408 1409 1460 1459)
4(1459 1460 1511 1510)
4(1510 1511 1562 1561)
4(1561 1562 1613 1612)
4(1612 1613 1664 1663)
4(1663 1664 1715 1714)
4(1714 1715 1766 1765)
4(1765 1766 1817 1816)
4(1816 1817 1868 1867)
4(1867 1868 1919 1918)
4(1918 1919 1970 1969)
4(1969 1970 2021 2020)
4(2020 2021 2072 2071)
4(2071 2072 2123 2122)
4(1103 1104 1155 1154)
4(1154 1155 1206 1205)
4(1205 1206 1257 1256)
4(1256 1257 1308 1307)
4(1307 1308 1359 1358)
4(1358 1359 1410 1409)
4(1409 1410 1461 1460)
4(1460 1461 1512 1511)
4(1511 1512 1563 1562)
4(1562 1563 1614 1613)
4(1613 1614 1665 1664)
4(1664 1665 1716 1715)
4(1715 1716 1767 1766)
4(1766 1767 1818 1817)
4(1817 1818 1869 1868)
4(1868 1869 1920 1919)
4(1919 1920 1971 1970)
4(1970 1971 2022 2021)
4(2021 2022 2073 2072)
4(2072 2073 2124 2123)
4(1104 1105 1156 1155)
4(1155 1156 1207 1206)
4(1206 1207 1258 1257)
4(1257 1258 1309 1308)
4(1308 1309 1360 1359)
4(1359 1360 1411 1410)
4(1410 1411 1462 1461)
4(1461 1462 1513 1512)
4(1512 1513 1564 1563)
4(1563 1564 1615 1614)
4(1614 1615 1666 1665)
4(1665 1666 1717 1716)
4(1716 1717 1768 1767)
4(1767 1768 1819 1818)
4(1818 1819 1870 1869)
4(1869 1870 1921 1920)
4(1920 1921 1972 1971)
4(1971 1972 2023 2022)
4(2022 2023 2074 2073)
4(2073 2074 2125 2124)
4(1105 1106 1157 1156)
4(1156 1157 1208 1207)
4(1207 1208 1259 1258)
4(1258 1259 1310 1309)
4(1309 1310 1361 1360)
4(1360 1361 1412 1411)
4(1411 1412 1463 1462)
4(1462 1463 1514 1513)
4(1513 1514 1565 1564)
4(1564 1565 1616 1615)
4(1615 1616 1667 1666)
4(1666 1667 1718 1717)
4(1717 1718 1769 1768)
4(1768 1769 1820 1819)
4(1819 1820 1871 1870)
4(1870 1871 1922 1921)
4(1921 1922 1973 1972)
4(1972 1973 2024 2023)
4(2023 2024 2075 2074)
4(2074 2075 2126 2125)
4(1106 1107 1158 1157)
4(1157 1158 1209 1208)
4(1208 1209 1260 1259)
4(1259 1260 1311 1310)
4(1310 1311 1362 1361)
4(1361 1362 1413 1412)
4(1412 1413 1464 1463)
4(1463 1464 1515 1514)
4(1514 1515 1566 1565)
4(1565 1566 1617 1616)
4(1616 1617 1668 1667)
4(1667 1668 1719 1718)
4(1718 1719 1770 1769)
4(1769 1770 1821 1820)
4(1820 1821 1872 1871)
4(1871 1872 1923 1922)
4(1922 1923 1974 1973)
4(1973 1974 2025 2024)
4(2024 2025 2076 2075)
4(2075 2076 2127 2126)
4(1107 1108 1159 1158)
4(1158 1159 1210 1209)
4(1209 1210 1261 1260)
4(1260 1261 1312 1311)
4(1311 1312 1363 1362)
4(1362 1363 1414 1413)
4(1413 1414 1465 1464)
4(1464 1465 1516 1515)
4(1515 1516 1567 1566)
4(1566 1567 1618 1617)
4(1617 1618 1669 1668)
4(1668 1669 1720 1719)
4(1719 1720 1771 1770)
4(1770 1771 1822 1821)
4(1821 1822 1873 1872)
4(1872 1873 1924 1923)
4(1923 1924 1975 1974)
4(1974 1975 2026 2025)
4(2025 2026 2077 2076)
4(2076 2077 2128 2127)
4(1108 1109 1160 1159)
4(1159 1160 1211 1210)
4(1210 1211 1262 1261)
4(1261 1262 1313 1312)
4(1312 1313 1364 1363)
4(1363 1364 1415 1414)
4(1414 1415 1466 1465)
4(1465 1466 1517 1516)
4(1516 1517 1568 1567)
4(1567 1568 1619 1618)
4(1618 1619 1670 1669)
4(1669 1670 1721 1720)
4(1720 1721 1772 1771)
4(1771 1772 1823 1822)
4(1822 1823 1874 1873)
4(1873 1874 1925 1924)
4(1924 1925 1976 1975)
4(1975 1976 2027 2026)
4(2026 2027 2078 2077)
4(2077 2078 2129 2128)
4(1109 1110 1161 1160)
4(1160 1161 1212 1211)
4(1211 1212 1263 1262)
4(1262 1263 1314 1313)
4(1313 1314 1365 1364)
4(1364 1365 1416 1415)
4(1415 1416 1467 1466)
4(1466 1467 1518 1517)
4(1517 1518 1569 1568)
4(1568 1569 1620 1619)
4(1619 1620 1671 1670)
4(1670 1671 1722 1721)
4(1721 1722 1773 1772)
4(1772 1773 1824 1823)
4(1823 1824 1875 1874)
4(1874 1875 1926 1925)
4(1925 1926 1977 1976)
4(1976 1977 2028 2027)
4(2027 2028 2079 2078)
4(2078 2079 2130 2129)
4(1110 1111 1162 1161)
4(1161 1162 1213 1212)
4(1212 1213 1264 1263)
4(1263 1264 1315 1314)
4(1314 1315 1366 1365)
4(1365 1366 1417 1416)
4(1416 1417 1468 1467)
4(1467 1468 1519 1518)
4(1518 1519 1570 1569)
4(1569 1570 1621 1620)
4(1620 1621 1672 1671)
4(1671 1672 1723 1722)
4(1722 1723 1774 1773)
4(1773 1774 1825 1824)
4(1824 1825 1876 1875)
4(1875 1876 1927 1926)
4(1926 1927 1978 1977)
4(1977 1978 2029 2028)
4(2028 2029 2080 2079)
4(2079 2080 2131 2130)
4(1111 1112 1163 1162)
4(1162 1163 1214 1213)
4(1213 1214 1265 1264)
4(1264 1265 1316 1315)
4(1315 1316 1367 1366)
4(1366 1367 1418 1417)
4(1417 1418 1469 1468)
4(1468 1469 1520 1519)
4(1519 1520 1571 1570)
4(1570 1571 1622 1621)
4(1621 1622 1673 1672)
4(1672 1673 1724 1723)
4(1723 1724 1775 1774)
4(1774 1775 1826 1825)
4(1825 1826 1877 1876)
4(1876 1877 1928 1927)
4(1927 1928 1979 1978)
4(1978 1979 2030 2029)
4(2029 2030 2081 2080)
4(2080 2081 2132 2131)
4(1112 1113 1164 1163)
4(1163 1164 1215 1214)
4(1214 1215 1266 1265)
4(1265 1266 1317 1316)
4(1316 1317 1368 1367)
4(1367 1368 1419 1418)
4(1418 1419 1470 1469)
4(1469 1470 1521 1520)
4(1520 1521 1572 1571)
4(1571 1572 1623 1622)
4(1622 1623 1674 1673)
4(1673 1674 1725 1724)
4(1724 1725 1776 1775)
4(1775 1776 1827 1826)
4(1826 1827 1878 1877)
4(1877 1878 1929 1928)
4(1928 1929 1980 1979)
4(1979 1980 2031 2030)
4(2030 2031 2082 2081)
4(2081 2082 2133 2132)
4(1113 1114 1165 1164)
4(1164 1165 1216 1215)
4(1215 1216 1267 1266)
4(1266 1267 1318 1317)
4(1317 1318 1369 1368)
4(1368 1369 1420 1419)
4(1419 1420 1471 1470)
4(1470 1471 1522 1521)
4(1521 1522 1573 1572)
4(1572 1573 1624 1623)
4(1623 1624 1675 1674)
4(1674 1675 1726 1725)
4(1725 1726 1777 1776)
4(1776 1777 1828 1827)
4(1827 1828 1879 1878)
4(1878 1879 1930 1929)
4(1929 1930 1981 1980)
4(1980 1981 2032 2031)
4(2031 2032 2083 2082)
4(2082 2083 2134 2133)
4(1114 1115 1166 1165)
4(1165 1166 1217 1216)
4(1216 1217 1268 1267)
4(1267 1268 1319 1318)
4(1318 1319 1370 1369)
4(1369 1370 1421 1420)
4(1420 1421 1472 1471)
4(1471 1472 1523 1522)
4(1522 1523 1574 1573)
4(1573 1574 1625 1624)
4(1624 1625 1676 1675)
4(1675 1676 1727 1726)
4(1726 1727 1778 1777)
4(1777 1778 1829 1828)
4(1828 1829 1880 1879)
4(1879 1880 1931 1930)
4(1930 1931 1982 1981)
4(1981 1982 2033 2032)
4(2032 2033 2084 2083)
4(2083 2084 2135 2134)
4(1115 1116 1167 1166)
4(1166 1167 1218 1217)
4(1217 1218 1269 1268)
4(1268 1269 1320 1319)
4(1319 1320 1371 1370)
4(1370 1371 1422 1421)
4(1421 1422 1473 1472)
4(1472 1473 1524 1523)
4(1523 1524 1575 1574)
4(1574 1575 1626 1625)
4(1625 1626 1677 1676)
4(1676 1677 1728 1727)
4(1727 1728 1779 1778)
4(1778 1779 1830 1829)
4(1829 1830 1881 1880)
4(1880 1881 1932 1931)
4(1931 1932 1983 1982)
4(1982 1983 2034 2033)
4(2033 2034 2085 2084)
4(2084 2085 2136 2135)
4(1116 1117 1168 1167)
4(1167 1168 1219 1218)
4(1218 1219 1270 1269)
4(1269 1270 1321 1320)
4(1320 1321 1372 1371)
4(1371 1372 1423 1422)
4(1422 1423 1474 1473)
4(1473 1474 1525 1524)
4(1524 1525 1576 1575)
4(1575 1576 1627 1626)
4(1626 1627 1678 1677)
4(1677 1678 1729 1728)
4(1728 1729 1780 1779)
4(1779 1780 1831 1830)
4(1830 1831 1882 1881)
4(1881 1882 1933 1932)
4(1932 1933 1984 1983)
4(1983 1984 2035 2034)
4(2034 2035 2086 2085)
4(2085 2086 2137 2136)
4(1117 1118 1169 1168)
4(1168 1169 1220 1219)
4(1219 1220 1271 1270)
4(1270 1271 1322 1321)
4(1321 1322 1373 1372)
4(1372 1373 1424 1423)
4(1423 1424 1475 1474)
4(1474 1475 1526 1525)
4(1525 1526 1577 1576)
4(1576 1577 1628 1627)
4(1627 1628 1679 1678)
4(1678 1679 1730 1729)
4(1729 1730 1781 1780)
4(1780 1781 1832 1831)
4(1831 1832 1883 1882)
4(1882 1883 1934 1933)
4(1933 1934 1985 1984)
4(1984 1985 2036 2035)
4(2035 2036 2087 2086)
4(2086 2087 2138 2137)
4(1118 1119 1170 1169)
4(1169 1170 1221 1220)
4(1220 1221 1272 1271)
4(1271 1272 1323 1322)
4(1322 1323 1374 1373)
4(1373 1374 1425 1424)
4(1424 1425 1476 1475)
4(1475 1476 1527 1526)
4(1526 1527 1578 1577)
4(1577 1578 1629 1628)
4(1628 1629 1680 1679)
4(1679 1680 1731 1730)
4(1730 1731 1782 1781)
4(1781 1782 1833 1832)
4(1832 1833 1884 1883)
4(1883 1884 1935 1934)
4(1934 1935 1986 1985)
4(1985 1986 2037 2036)
4(2036 2037 2088 2087)
4(2087 2088 2139 2138)
4(1119 1120 1171 1170)
4(1170 1171 1222 1221)
4(1221 1222 1273 1272)
4(1272 1273 1324 1323)
4(1323 1324 1375 1374)
4(1374 1375 1426 1425)
4(1425 1426 1477 1476)
4(1476 1477 1528 1527)
4(1527 1528 1579 1578)
4(1578 1579 1630 1629)
4(1629 1630 1681 1680)
4(1680 1681 1732 1731)
4(1731 1732 1783 1782)
4(1782 1783 1834 1833)
4(1833 1834 1885 1884)
4(1884 1885 1936 1935)
4(1935 1936 1987 1986)
4(1986 1987 2038 2037)
4(2037 2038 2089 2088)
4(2088 2089 2140 2139)
4(1120 1121 1172 1171)
4(1171 1172 1223 1222)
4(1222 1223 1274 1273)
4(1273 1274 1325 1324)
4(1324 1325 1376 1375)
4(1375 1376 1427 1426)
4(1426 1427 1478 1477)
4(1477 1478 1529 1528)
4(1528 1529 1580 1579)
4(1579 1580 1631 1630)
4(1630 1631 1682 1681)
4(1681 1682 1733 1732)
4(1732 1733 1784 1783)
4(1783 1784 1835 1834)
4(1834 1835 1886 1885)
4(1885 1886 1937 1936)
4(1936 1937 1988 1987)
4(1987 1988 2039 2038)
4(2038 2039 2090 2089)
4(2089 2090 2141 2140)
4(0 51 52 1)
4(51 102 103 52)
4(102 153 154 103)
4(153 204 205 154)
4(204 255 256 205)
4(255 306 307 256)
4(306 357 358 307)
4(357 408 409 358)
4(408 459 460 409)
4(459 510 511 460)
4(510 561 562 511)
4(561 612 613 562)
4(612 663 664 613)
4(663 714 715 664)
4(714 765 766 715)
4(765 816 817 766)
4(816 867 868 817)
4(867 918 919 868)
4(918 969 970 919)
4(969 1020 1021 970)
4(1 52 53 2)
4(52 103 104 53)
4(103 154 155 104)
4(154 205 206 155)
4(205 256 257 206)
4(256 307 308 257)
4(307 358 359 308)
4(358 409 410 359)
4(409 460 461 410)
4(460 511 512 461)
4(511 562 563 512)
4(562 613 614 563)
4(613 664 665 614)
4(664 715 716 665)
4(715 766 767 716)
4(766 817 818 767)
4(817 868 869 818)
4(868 919 920 869)
4(919 970 971 920)
4(970 1021 1022 971)
4(2 53 54 3)
4(53 104 105 54)
4(104 155 156 105)
4(155 206 207 156)
4(206 257 258 207)
4(257 308 309 258)
4(308 359 360 309)
4(359 410 411 360)
4(410 461 462 411)
4(461 512 513 462)
4(512 563 564 513)
4(563 614 615 564)
4(614 665 666 615)
4(665 716 717 666)
4(716 767 768 717)
4(767 818 819 768)
4(818 869 870 819)
4(869 920 921 870)
4(920 971 972 921)
4(971 1022 1023 972)
4(3 54 55 4)
4(54 105 106 55)
4(105 156 157 106)
4(156 207 208 157)
4(207 258 259 208)
4(258 309 310 259)
4(309 360 361 310)
4(360 411 412 361)
4(411 462 463 412)
4(462 513 514 463)
4(513 564 565 514)
4(564 615 616 565)
4(615 666 667 616)
4(666 717 718 667)
4(717 768 769 718)
4(768 819 820 769)
4(819 870 871 820)
4(870 921 922 871)
4(921 972 973 922)
4(972 1023 1024 973)
4(4 55 56 5)
4(55 106 107 56)
4(106 157 158 107)
4(157 208 209 158)
4(208 259 260 209)
4(259 310 311 260)
4(310 361 362 311)
4(361 412 413 362)
4(412 463 464 413)
4(463 514 515 464)
4(514 565 566 515)
4(565 616 617 566)
4(616 667 668 617)
4(667 718 719 668)
4(718 769 770 719)
4(769 820 821 770)
4(820 871 872 821)
4(871 922 923 872)
4(922 973 974 923)
4(973 1024 1025 974)
4(5 56 57 6)
4(56 107 108 57)
4(107 158 159 108)
4(158 209 210 159)
4(209 260 261 210)
4(260 311 312 261)
4(311 362 363 312)
4(362 413 414 363)
4(413 464 465 414)
4(464 515 516 465)
4(515 566 567 516)
4(566 617 618 567)
4(617 668 669 618)
4(668 719 720 669)
4(719 770 771 720)
4(770 821 822 771)
4(821 872 873 822)
4(872 923 924 873)
4(923 974 975 924)
4(974 1025 1026 975)
4(6 57 58 7)
4(57 108 109 58)
4(108 159 160 109)
4(159 210 211 160)
4(210 261 262 211)
4(261 312 313 262)
4(312 363 364 313)
4(363 414 415 364)
4(414 465 466 415)
4(465 516 517 466)
4(516 567 568 517)
4(567 618 619 568)
4(618 669 670 619)
4(669 720 721 670)
4(720 771 772 721)
4(771 822 823 772)
4(822 873 874 823)
4(873 924 925 874)
4(924 975 976 925)
4(975 1026 1027 976)
4(7 58 59 8)
4(58 109 110 59)
4(109 160 161 110)
4(160 211 212 161)
4(211 262 263 212)
4(262 313 314 263)
4(313 364 365 314)
4(364 415 416 365)
4(415 466 467 416)
4(466 517 518 467)
4(517 568 569 518)
4(568 619 620 569)
4(619 670 671 620)
4(670 721 722 671)
4(721 772 773 722)
4(772 823 824 773)
4(823 874 875 824)
4(874 925 926 875)
4(925 976 977 926)
4(976 1027 1028 977)
4(8 59 60 9)
4(59 110 111 60)
4(110 161 162 111)
4(161 212 213 162)
4(212 263 264 213)
4(263 314 315 264)
4(314 365 366 315)
4(365 416 417 366)
4(416 467 468 417)
4(467 518 519 468)
4(518 569 570 519)
4(569 620 621 570)
4(620 671 672 621)
4(671 722 723 672)
4(722 773 774 723)
4(773 824 825 774)
4(824 875 876 825)
4(875 926 927 876)
4(926 977 978 927)
4(977 1028 1029 978)
4(9 60 61 10)
4(60 111 112 61)
4(111 162 163 112)
4(162 213 214 163)
4(213 264 265 214)
4(264 315 316 265)
4(315 366 367 316)
4(366 417 418 367)
4(417 468 469 418)
4(468 519 520 469)
4(519 570 571 520)
4(570 621 622 571)
4(621 672 673 622)
4(672 723 724 673)
4(723 774 775 724)
4(774 825 826 775)
4(825 876 877 826)
4(876 927 928 877)
4(927 978 979 928)
4(978 1029 1030 979)
4(10 61 62 11)
4(61 112 113 62)
4(112 163 164 113)
4(163 214 215 164)
4(214 265 266 215)
4(265 316 317 266)
4(316 367 368 317)
4(367 418 419 368)
4(418 469 470 419)
4(469 520 521 470)
4(520 571 572 521)
4(571 622 623 572)
4(622 673 674 623)
4(673 724 725 674)
4(724 775 776 725)
4(775 826 827 776)
4(826 877 878 827)
4(877 928 929 878)
4(928 979 980 929)
4(979 1030 1031 980)
4(11 62 63 12)
4(62 113 114 63)
4(113 164 165 114)
4(164 215 216 165)
4(215 266 267 216)
4(266 317 318 267)
4(317 368 369 318)
4(368 419 420 369)
4(419 470 471 420)
4(470 521 522 471)
4(521 572 573 522)
4(572 623 624 573)
4(623 674 675 624)
4(674 725 726 675)
4(725 776 777 726)
4(776 827 828 777)
4(827 878 879 828)
4(878 929 930 879)
4(929 980 981 930)
4(980 1031 1032 981)
4(12 63 64 13)
4(63 114 115 64)
4(114 165 166 115)
4(165 216 217 166)
4(216 267 268 217)
4(267 318 319 268)
4(318 369 370 319)
4(369 420 421 370)
4(420 471 472 421)
4(471 522 523 472)
4(522 573 574 523)
4(573 624 625 574)
4(624 675 676 625)
4(675 726 727 676)
4(726 777 778 727)
4(777 828 829 778)
4(828 879 880 829)
4(879 930 931 880)
4(930 981 982 931)
4(981 1032 1033 982)
4(13 64 65 14)
4(64 115 116 65)
4(115 166 167 116)
4(166 217 218 167)
4(217 268 269 218)
4(268 319 320 269)
4(319 370 371 320)
4(370 421 422 371)
4(421 472 473 422)
4(472 523 524 473)
4(523 574 575 524)
4(574 625 626 575)
4(625 676 677 626)
4(676 727 728 677)
4(727 778 779 728)
4(778 829 830 779)
4(829 880 881 830)
4(880 931 932 881)
4(931 982 983 932)
4(982 1033 1034 983)
4(14 65 66 15)
4(65 116 117 66)
4(116 167 168 117)
4(167 218 219 168)
4(218 269 270 219)
4(269 320 321 270)
4(320 371 372 321)
4(371 422 423 372)
4(422 473 474 423)
4(473 524 525 474)
4(524 575 576 525)
4(575 626 627 576)
4(626 677 678 627)
4(677 728 729 678)
4(728 779 780 729)
4(779 830 831 780)
4(830 881 882 831)
4(881 932 933 882)
4(932 983 984 933)
4(983 1034 1035 984)
4(15 66 67 16)
4(66 117 118 67)
4(117 168 169 118)
4(168 219 220 169)
4(219 270 271 220)
4(270 321 322 271)
4(321 372 373 322)
4(372 423 424 373)
4(423 474 475 424)
4(474 525 526 475)
4(525 576 577 526)
4(576 627 628 577)
4(627 678 679 628)
4(678 729 730 679)
4(729 780 781 730)
4(780 831 832 781)
4(831 882 883 832)
4(882 933 934 883)
4(933 984 985 934)
4(984 1035 1036 985)
4(16 67 68 17)
4(67 118 119 68)
4(118 169 170 119)
4(169 220 221 170)
4(220 271 272 221)
4(271 322 323 272)
4(322 373 374 323)
4(373 424 425 374)
4(424 475 476 425)
4(475 526 527 476)
4(526 577 578 527)
4(577 628 629 578)
4(628 679 680 629)
4(679 730 731 680)
4(730 781 782 731)
4(781 832 833 782)
4(832 883 884 833)
4(883 934 935 884)
4(934 985 986 935)
4(985 1036 1037 986)
4(17 68 69 18)
4(68 119 120 69)
4(119 170 171 120)
4(170 221 222 171)
4(221 272 273 222)
4(272 323 324 273)
4(323 374 375 324)
4(374 425 426 375)
4(425 476 477 426)
4(476 527 528 477)
4(527 578 579 528)
4(578 629 630 579)
4(629 680 681 630)
4(680 731 732 681)
4(731 782 783 732)
4(782 833 834 783)
4(833 884 885 834)
4(884 935 936 885)
4(935 986 987 936)
4(986 1037 1038 987)
4(18 69 70 19)
4(69 120 121 70)
4(120 171 172 121)
4(171 222 223 172)
4(222 273 274 223)
4(273 324 325 274)
4(324 375 376 325)
4(375 426 427 376)
4(426 477 478 427)
4(477 528 529 478)
4(528 579 580 529)
4(579 630 631 580)
4(630 681 682 631)
4(681 732 733 682)
4(732 783 784 733)
4(783 834 835 784)
4(834 885 886 835)
4(885 936 937 886)
4(936 987 988 937)
4(987 1038 1039 988)
4(19 70 71 20)
4(70 121 122 71)
4(121 172 173 122)
4(172 223 224 173)
4(223 274 275 224)
4(274 325 326 275)
4(325 376 377 326)
4(376 427 428 377)
4(427 478 479 428)
4(478 529 530 479)
4(529 580 581 530)
4(580 631 632 581)
4(631 682 683 632)
4(682 733 734 683)
4(733 784 785 734)
4(784 835 836 785)
4(835 886 887 836)
4(886 937 938 887)
4(937 988 989 938)
4(988 1039 1040 989)
4(20 71 72 21)
4(71 122 123 72)
4(122 173 174 123)
4(173 224 225 174)
4(224 275 276 225)
4(275 326 327 276)
4(326 377 378 327)
4(377 428 429 378)
4(428 479 480 429)
4(479 530 531 480)
4(530 581 582 531)
4(581 632 633 582)
4(632 683 684 633)
4(683 734 735 684)
4(734 785 786 735)
4(785 836 837 786)
4(836 887 888 837)
4(887 938 939 888)
4(938 989 990 939)
4(989 1040 1041 990)
4(21 72 73 22)
4(72 123 124 73)
4(123 174 175 124)
4(174 225 226 175)
4(225 276 277 226)
4(276 327 328 277)
4(327 378 379 328)
4(378 429 430 379)
4(429 480 481 430)
4(480 531 532 481)
4(531 582 583 532)
4(582 633 634 583)
4(633 684 685 634)
4(684 735 736 685)
4(735 786 787 736)
4(786 837 838 787)
4(837 888 889 838)
4(888 939 940 889)
4(939 990 991 940)
4(990 1041 1042 991)
4(22 73 74 23)
4(73 124 125 74)
4(124 175 176 125)
4(175 226 227 176)
4(226 277 278 227)
4(277 328 329 278)
4(328 379 380 329)
4(379 430 431 380)
4(430 481 482 431)
4(481 532 533 482)
4(532 583 584 533)
4(583 634 635 584)
4(634 685 686 635)
4(685 736 737 686)
4(736 787 788 737)
4(787 838 839 788)
4(838 889 890 839)
4(889 940 941 890)
4(940 991 992 941)
4(991 1042 1043 992)
4(23 74 75 24)
4(74 125 126 75)
4(125 176 177 126)
4(176 227 228 177)
4(227 278 279 228)
4(278 329 330 279)
4(329 380 381 330)
4(380 431 432 381)
4(431 482 483 432)
4(482 533 534 483)
4(533 584 585 534)
4(584 635 636 585)
4(635 686 687 636)
4(686 737 738 687)
4(737 788 789 738)
4(788 839 840 789)
4(839 890 891 840)
4(890 941 942 891)
4(941 992 993 942)
4(992 1043 1044 993)
4(24 75 76 25)
4(75 126 127 76)
4(126 177 178 127)
4(177 228 229 178)
4(228 279 280 229)
4(279 330 331 280)
4(330 381 382 331)
4(381 432 433 382)
4(432 483 484 433)
4(483 534 535 484)
4(534 585 586 535)
4(585 636 637 586)
4(636 687 688 637)
4(687 738 739 688)
4(738 789 790 739)
4(789 840 841 790)
4(840 891 892 841)
4(891 942 943 892)
4(942 993 994 943)
4(993 1044 1045 994)
4(25 76 77 26)
4(76 127 128 77)
4(127 178 179 128)
4(178 229 230 179)
4(229 280 281 230)
4(280 331 332 281)
4(331 382 383 332)
4(382 433 434 383)
4(433 484 485 434)
4(484 535 536 485)
4(535 586 587 536)
4(586 637 638 587)
4(637 688 689 638)
4(688 739 740 689)
4(739 790 791 740)
4(790 841 842 791)
4(841 892 893 842)
4(892 943 944 893)
4(943 994 995 944)
4(994 1045 1046 995)
4(26 77 78 27)
4(77 128 129 78)
4(128 179 180 129)
4(179 230 231 180)
4(230 281 282 231)
4(281 332 333 282)
4(332 383 384 333)
4(383 434 435 384)
4(434 485 486 435)
4(485 536 537 486)
4(536 587 588 537)
4(587 638 639 588)
4(638 689 690 639)
4(689 740 741 690)
4(740 791 792 741)
4(791 842 843 792)
4(842 893 894 843)
4(893 944 945 894)
4(944 995 996 945)
4(995 1046 1047 996)
4(27 78 79 28)
4(78 129 130 79)
4(129 180 181 130)
4(180 231 232 181)
4(231 282 283 232)
4(282 333 334 283)
4(333 384 385 334)
4(384 435 436 385)
4(435 486 487 436)
4(486 537 538 487)
4(537 588 589 538)
4(588 639 640 589)
4(639 690 691 640)
4(690 741 742 691)
4(741 792 793 742)
4(792 843 844 793)
4(843 894 895 844)
4(894 945 946 895)
4(945 996 997 946)
4(996 1047 1048 997)
4(28 79 80 29)
4(79 130 131 80)
4(130 181 182 131)
4(181 232 233 182)
4(232 283 284 233)
4(283 334 335 284)
4(334 385 386 335)
4(385 436 437 386)
4(436 487 488 437)
4(487 538 539 488)
4(538 589 590 539)
4(589 640 641 590)
4(640 691 692 641)
4(691 742 743 692)
4(742 793 794 743)
4(793 844 845 794)
4(844 895 896 845)
4(895 946 947 896)
4(946 997 998 947)
4(997 1048 1049 998)
4(29 80 81 30)
4(80 131 132 81)
4(131 182 183 132)
4(182 233 234 183)
4(233 284 285 234)
4(284 335 336 285)
4(335 386 387 336)
4(386 437 438 387)
4(437 488 489 438)
4(488 539 540 489)
4(539 590 591 540)
4(590 641 642 591)
4(641 692 693 642)
4(692 743 744 693)
4(743 794 795 744)
4(794 845 846 795)
4(845 896 897 846)
4(896 947 948 897)
4(947 998 999 948)
4(998 1049 1050 999)
4(30 81 82 31)
4(81 132 133 82)
4(132 183 184 133)
4(183 234 235 184)
4(234 285 286 235)
4(285 336 337 286)
4(336 387 388 337)
4(387 438 439 388)
4(438 489 490 439)
4(489 540 541 490)
4(540 591 592 541)
4(591 642 643 592)
4(642 693 694 643)
4(693 744 745 694)
4(744 795 796 745)
4(795 846 847 796)
4(846 897 898 847)
4(897 948 949 898)
4(948 999 1000 949)
4(999 1050 1051 1000)
4(31 82 83 32)
4(82 133 134 83)
4(133 184 185 134)
4(184 235 236 185)
4(235 286 287 236)
4(286 337 338 287)
4(337 388 389 338)
4(388 439 440 389)
4(439 490 491 440)
4(490 541 542 491)
4(541 592 593 542)
4(592 643 644 593)
4(643 694 695 644)
4(694 745 746 695)
4(745 796 797 746)
4(796 847 848 797)
4(847 898 899 848)
4(898 949 950 899)
4(949 1000 1001 950)
4(1000 1051 1052 1001)
4(32 83 84 33)
4(83 134 135 84)
4(134 185 186 135)
4(185 236 237 186)
4(236 287 288 237)
4(287 338 339 288)
4(338 389 390 339)
4(389 440 441 390)
4(440 491 492 441)
4(491 542 543 492)
4(542 593 594 543)
4(593 644 645 594)
4(644 695 696 645)
4(695 746 747 696)
4(746 797 798 747)
4(797 848 849 798)
4(848 899 900 849)
4(899 950 951 900)
4(950 1001 1002 951)
4(1001 1052 1053 1002)
4(33 84 85 34)
4(84 135 136 85)
4(135 186 187 136)
4(186 237 238 187)
4(237 288 289 238)
4(288 339 340 289)
4(339 390 391 340)
4(390 441 442 391)
4(441 492 493 442)
4(492 543 544 493)
4(543 594 595 544)
4(594 645 646 595)
4(645 696 697 646)
4(696 747 748 697)
4(747 798 799 748)
4(798 849 850 799)
4(849 900 901 850)
4(900 951 952 901)
4(951 1002 1003 952)
4(1002 1053 1054 1003)
4(34 85 86 35)
4(85 136 137 86)
4(136 187 188 137)
4(187 238 239 188)
4(238 289 290 239)
4(289 340 341 290)
4(340 391 392 341)
4(391 442 443 392)
4(442 493 494 443)
4(493 544 545 494)
4(544 595 596 545)
4(595 646 647 596)
4(646 697 698 647)
4(697 748 749 698)
4(748 799 800 749)
4(799 850 851 800)
4(850 901 902 851)
4(901 952 953 902)
4(952 1003 1004 953)
4(1003 1054 1055 1004)
4(35 86 87 36)
4(86 137 138 87)
4(137 188 189 138)
4(188 239 240 189)
4(239 290 291 240)
4(290 341 342 291)
4(341 392 393 342)
4(392 443 444 393)
4(443 494 495 444)
4(494 545 546 495)
4(545 596 597 546)
4(596 647 648 597)
4(647 698 699 648)
4(698 749 750 699)
4(749 800 801 750)
4(800 851 852 801)
4(851 902 903 852)
4(902 953 954 903)
4(953 1004 1005 954)
4(1004 1055 1056 1005)
4(36 87 88 37)
4(87 138 139 88)
4(138 189 190 139)
4(189 240 241 190)
4(240 291 292 241)
4(291 342 343 292)
4(342 393 394 343)
4(393 444 445 394)
4(444 495 496 445)
4(495 546 547 496)
4(546 597 598 547)
4(597 648 649 598)
4(648 699 700 649)
4(699 750 751 700)
4(750 801 802 751)
4(801 852 853 802)
4(852 903 904 853)
4(903 954 955 904)
4(954 1005 1006 955)
4(1005 1056 1057 1006)
4(37 88 89 38)
4(88 139 140 89)
4(139 190 191 140)
4(190 241 242 191)
4(241 292 293 242)
4(292 343 344 293)
4(343 394 395 344)
4(394 445 446 395)
4(445 496 497 446)
4(496 547 548 497)
4(547 598 599 548)
4(598 649 650 599)
4(649 700 701 650)
4(700 751 752 701)
4(751 802 803 752)
4(802 853 854 803)
4(853 904 905 854)
4(904 955 956 905)
4(955 1006 1007 956)
4(1006 1057 1058 1007)
4(38 89 90 39)
4(89 140 141 90)
4(140 191 192 141)
4(191 242 243 192)
4(242 293 294 243)
4(293 344 345 294)
4(344 395 396 345)
4(395 446 447 396)
4(446 497 498 447)
4(497 548 549 498)
4(548 599 600 549)
4(599 650 651 600)
4(650 701 702 651)
4(701 752 753 702)
4(752 803 804 753)
4(803 854 855 804)
4(854 905 906 855)
4(905 956 957 906)
4(956 1007 1008 957)
4(1007 1058 1059 1008)
4(39 90 91 40)
4(90 141 142 91)
4(141 192 193 142)
4(192 243 244 193)
4(243 294 295 244)
4(294 345 346 295)
4(345 396 397 346)
4(396 447 448 397)
4(447 498 499 448)
4(498 549 550 499)
4(549 600 601 550)
4(600 651 652 601)
4(651 702 703 652)
4(702 753 754 703)
4(753 804 805 754)
4(804 855 856 805)
4(855 906 907 856)
4(906 957 958 907)
4(957 1008 1009 958)
4(1008 1059 1060 1009)
4(40 91 92 41)
4(91 142 143 92)
4(142 193 194 143)
4(193 244 245 194)
4(244 295 296 245)
4(295 346 347 296)
4(346 397 398 347)
4(397 448 449 398)
4(448 499 500 449)
4(499 550 551 500)
4(550 601 602 551)
4(601 652 653 602)
4(652 703 704 653)
4(703 754 755 704)
4(754 805 806 755)
4(805 856 857 806)
4(856 907 908 857)
4(907 958 959 908)
4(958 1009 1010 959)
4(1009 1060 1061 1010)
4(41 92 93 42)
4(92 143 144 93)
4(143 194 195 144)
4(194 245 246 195)
4(245 296 297 246)
4(296 347 348 297)
4(347 398 399 348)
4(398 449 450 399)
4(449 500 501 450)
4(500 551 552 501)
4(551 602 603 552)
4(602 653 654 603)
4(653 704 705 654)
4(704 755 756 705)
4(755 806 807 756)
4(806 857 858 807)
4(857 908 909 858)
4(908 959 960 909)
4(959 1010 1011 960)
4(1010 1061 1062 1011)
4(42 93 94 43)
4(93 144 145 94)
4(144 195 196 145)
4(195 246 247 196)
4(246 297 298 247)
4(297 348 349 298)
4(348 399 400 349)
4(399 450 451 400)
4(450 501 502 451)
4(501 552 553 502)
4(552 603 604 553)
4(603 654 655 604)
4(654 705 706 655)
4(705 756 757 706)
4(756 807 808 757)
4(807 858 859 808)
4(858 909 910 859)
4(909 960 961 910)
4(960 1011 1012 961)
4(1011 1062 1063 1012)
4(43 94 95 44)
4(94 145 146 95)
4(145 196 197 146)
4(196 247 248 197)
4(247 298 299 248)
4(298 349 350 299)
4(349 400 401 350)
4(400 451 452 401)
4(451 502 503 452)
4(502 553 554 503)
4(553 604 605 554)
4(604 655 656 605)
4(655 706 707 656)
4(706 757 758 707)
4(757 808 809 758)
4(808 859 860 809)
4(859 910 911 860)
4(910 961 962 911)
4(961 1012 1013 962)
4(1012 1063 1064 1013)
4(44 95 96 45)
4(95 146 147 96)
4(146 197 198 147)
4(197 248 249 198)
4(248 299 300 249)
4(299 350 351 300)
4(350 401 402 351)
4(401 452 453 402)
4(452 503 504 453)
4(503 554 555 504)
4(554 605 606 555)
4(605 656 657 606)
4(656 707 708 657)
4(707 758 759 708)
4(758 809 810 759)
4(809 860 861 810)
4(860 911 912 861)
4(911 962 963 912)
4(962 1013 1014 963)
4(1013 1064 1065 1014)
4(45 96 97 46)
4(96 147 148 97)
4(147 198 199 148)
4(198 249 250 199)
4(249 300 301 250)
4(300 351 352 301)
4(351 402 403 352)
4(402 453 454 403)
4(453 504 505 454)
4(504 555 556 505)
4(555 606 607 556)
4(606 657 658 607)
4(657 708 709 658)
4(708 759 760 709)
4(759 810 811 760)
4(810 861 862 811)
4(861 912 913 862)
4(912 963 964 913)
4(963 1014 1015 964)
4(1014 1065 1066 1015)
4(46 97 98 47)
4(97 148 149 98)
4(148 199 200 149)
4(199 250 251 200)
4(250 301 302 251)
4(301 352 353 302)
4(352 403 404 353)
4(403 454 455 404)
4(454 505 506 455)
4(505 556 557 506)
4(556 607 608 557)
4(607 658 659 608)
4(658 709 710 659)
4(709 760 761 710)
4(760 811 812 761)
4(811 862 863 812)
4(862 913 914 863)
4(913 964 965 914)
4(964 1015 1016 965)
4(1015 1066 1067 1016)
4(47 98 99 48)
4(98 149 150 99)
4(149 200 201 150)
4(200 251 252 201)
4(251 302 303 252)
4(302 353 354 303)
4(353 404 405 354)
4(404 455 456 405)
4(455 506 507 456)
4(506 557 558 507)
4(557 608 609 558)
4(608 659 660 609)
4(659 710 711 660)
4(710 761 762 711)
4(761 812 813 762)
4(812 863 864 813)
4(863 914 915 864)
4(914 965 966 915)
4(965 1016 1017 966)
4(1016 1067 1068 1017)
4(48 99 100 49)
4(99 150 151 100)
4(150 201 202 151)
4(201 252 253 202)
4(252 303 304 253)
4(303 354 355 304)
4(354 405 406 355)
4(405 456 457 406)
4(456 507 508 457)
4(507 558 559 508)
4(558 609 610 559)
4(609 660 661 610)
4(660 711 712 661)
4(711 762 763 712)
4(762 813 814 763)
4(813 864 865 814)
4(864 915 916 865)
4(915 966 967 916)
4(966 1017 1018 967)
4(1017 1068 1069 1018)
4(49 100 101 50)
4(100 151 152 101)
4(151 202 203 152)
4(202 253 254 203)
4(253 304 305 254)
4(304 355 356 305)
4(355 406 407 356)
4(406 457 458 407)
4(457 508 509 458)
4(508 559 560 509)
4(559 610 611 560)
4(610 661 662 611)
4(661 712 713 662)
4(712 763 764 713)
4(763 814 815 764)
4(814 865 866 815)
4(865 916 917 866)
4(916 967 968 917)
4(967 1018 1019 968)
4(1018 1069 1070 1019)
)


// ************************************************************************* //
