/*--------------------------------*- C++ -*----------------------------------*\
  =========                 |
  \\      /  F ield         | OpenFOAM: The Open Source CFD Toolbox
   \\    /   O peration     | Website:  https://openfoam.org
    \\  /    A nd           | Version:  8
     \\/     M anipulation  |
\*---------------------------------------------------------------------------*/
FoamFile
{
    version     2.0;
    format      ascii;
    class       vectorField;
    location    "constant/polyMesh";
    object      points;
}
// * * * * * * * * * * * * * * * * * * * * * * * * * * * * * * * * * * * * * //


2142
(
(0 -0.01 -0.01)
(0.0004 -0.01 -0.01)
(0.0008 -0.01 -0.01)
(0.0012 -0.01 -0.01)
(0.0016 -0.01 -0.01)
(0.002 -0.01 -0.01)
(0.0024 -0.01 -0.01)
(0.0028 -0.01 -0.01)
(0.0032 -0.01 -0.01)
(0.0036 -0.01 -0.01)
(0.004 -0.01 -0.01)
(0.0044 -0.01 -0.01)
(0.0048 -0.01 -0.01)
(0.0052 -0.01 -0.01)
(0.0056 -0.01 -0.01)
(0.006 -0.01 -0.01)
(0.0064 -0.01 -0.01)
(0.0068 -0.01 -0.01)
(0.0072 -0.01 -0.01)
(0.0076 -0.01 -0.01)
(0.008 -0.01 -0.01)
(0.0084 -0.01 -0.01)
(0.0088 -0.01 -0.01)
(0.0092 -0.01 -0.01)
(0.0096 -0.01 -0.01)
(0.01 -0.01 -0.01)
(0.0104 -0.01 -0.01)
(0.0108 -0.01 -0.01)
(0.0112 -0.01 -0.01)
(0.0116 -0.01 -0.01)
(0.012 -0.01 -0.01)
(0.0124 -0.01 -0.01)
(0.0128 -0.01 -0.01)
(0.0132 -0.01 -0.01)
(0.0136 -0.01 -0.01)
(0.014 -0.01 -0.01)
(0.0144 -0.01 -0.01)
(0.0148 -0.01 -0.01)
(0.0152 -0.01 -0.01)
(0.0156 -0.01 -0.01)
(0.016 -0.01 -0.01)
(0.0164 -0.01 -0.01)
(0.0168 -0.01 -0.01)
(0.0172 -0.01 -0.01)
(0.0176 -0.01 -0.01)
(0.018 -0.01 -0.01)
(0.0184 -0.01 -0.01)
(0.0188 -0.01 -0.01)
(0.0192 -0.01 -0.01)
(0.0196 -0.01 -0.01)
(0.02 -0.01 -0.01)
(0 -0.009 -0.01)
(0.0004 -0.009 -0.01)
(0.0008 -0.009 -0.01)
(0.0012 -0.009 -0.01)
(0.0016 -0.009 -0.01)
(0.002 -0.009 -0.01)
(0.0024 -0.009 -0.01)
(0.0028 -0.009 -0.01)
(0.0032 -0.009 -0.01)
(0.0036 -0.009 -0.01)
(0.004 -0.009 -0.01)
(0.0044 -0.009 -0.01)
(0.0048 -0.009 -0.01)
(0.0052 -0.009 -0.01)
(0.0056 -0.009 -0.01)
(0.006 -0.009 -0.01)
(0.0064 -0.009 -0.01)
(0.0068 -0.009 -0.01)
(0.0072 -0.009 -0.01)
(0.0076 -0.009 -0.01)
(0.008 -0.009 -0.01)
(0.0084 -0.009 -0.01)
(0.0088 -0.009 -0.01)
(0.0092 -0.009 -0.01)
(0.0096 -0.009 -0.01)
(0.01 -0.009 -0.01)
(0.0104 -0.009 -0.01)
(0.0108 -0.009 -0.01)
(0.0112 -0.009 -0.01)
(0.0116 -0.009 -0.01)
(0.012 -0.009 -0.01)
(0.0124 -0.009 -0.01)
(0.0128 -0.009 -0.01)
(0.0132 -0.009 -0.01)
(0.0136 -0.009 -0.01)
(0.014 -0.009 -0.01)
(0.0144 -0.009 -0.01)
(0.0148 -0.009 -0.01)
(0.0152 -0.009 -0.01)
(0.0156 -0.009 -0.01)
(0.016 -0.009 -0.01)
(0.0164 -0.009 -0.01)
(0.0168 -0.009 -0.01)
(0.0172 -0.009 -0.01)
(0.0176 -0.009 -0.01)
(0.018 -0.009 -0.01)
(0.0184 -0.009 -0.01)
(0.0188 -0.009 -0.01)
(0.0192 -0.009 -0.01)
(0.0196 -0.009 -0.01)
(0.02 -0.009 -0.01)
(0 -0.008 -0.01)
(0.0004 -0.008 -0.01)
(0.0008 -0.008 -0.01)
(0.0012 -0.008 -0.01)
(0.0016 -0.008 -0.01)
(0.002 -0.008 -0.01)
(0.0024 -0.008 -0.01)
(0.0028 -0.008 -0.01)
(0.0032 -0.008 -0.01)
(0.0036 -0.008 -0.01)
(0.004 -0.008 -0.01)
(0.0044 -0.008 -0.01)
(0.0048 -0.008 -0.01)
(0.0052 -0.008 -0.01)
(0.0056 -0.008 -0.01)
(0.006 -0.008 -0.01)
(0.0064 -0.008 -0.01)
(0.0068 -0.008 -0.01)
(0.0072 -0.008 -0.01)
(0.0076 -0.008 -0.01)
(0.008 -0.008 -0.01)
(0.0084 -0.008 -0.01)
(0.0088 -0.008 -0.01)
(0.0092 -0.008 -0.01)
(0.0096 -0.008 -0.01)
(0.01 -0.008 -0.01)
(0.0104 -0.008 -0.01)
(0.0108 -0.008 -0.01)
(0.0112 -0.008 -0.01)
(0.0116 -0.008 -0.01)
(0.012 -0.008 -0.01)
(0.0124 -0.008 -0.01)
(0.0128 -0.008 -0.01)
(0.0132 -0.008 -0.01)
(0.0136 -0.008 -0.01)
(0.014 -0.008 -0.01)
(0.0144 -0.008 -0.01)
(0.0148 -0.008 -0.01)
(0.0152 -0.008 -0.01)
(0.0156 -0.008 -0.01)
(0.016 -0.008 -0.01)
(0.0164 -0.008 -0.01)
(0.0168 -0.008 -0.01)
(0.0172 -0.008 -0.01)
(0.0176 -0.008 -0.01)
(0.018 -0.008 -0.01)
(0.0184 -0.008 -0.01)
(0.0188 -0.008 -0.01)
(0.0192 -0.008 -0.01)
(0.0196 -0.008 -0.01)
(0.02 -0.008 -0.01)
(0 -0.007 -0.01)
(0.0004 -0.007 -0.01)
(0.0008 -0.007 -0.01)
(0.0012 -0.007 -0.01)
(0.0016 -0.007 -0.01)
(0.002 -0.007 -0.01)
(0.0024 -0.007 -0.01)
(0.0028 -0.007 -0.01)
(0.0032 -0.007 -0.01)
(0.0036 -0.007 -0.01)
(0.004 -0.007 -0.01)
(0.0044 -0.007 -0.01)
(0.0048 -0.007 -0.01)
(0.0052 -0.007 -0.01)
(0.0056 -0.007 -0.01)
(0.006 -0.007 -0.01)
(0.0064 -0.007 -0.01)
(0.0068 -0.007 -0.01)
(0.0072 -0.007 -0.01)
(0.0076 -0.007 -0.01)
(0.008 -0.007 -0.01)
(0.0084 -0.007 -0.01)
(0.0088 -0.007 -0.01)
(0.0092 -0.007 -0.01)
(0.0096 -0.007 -0.01)
(0.01 -0.007 -0.01)
(0.0104 -0.007 -0.01)
(0.0108 -0.007 -0.01)
(0.0112 -0.007 -0.01)
(0.0116 -0.007 -0.01)
(0.012 -0.007 -0.01)
(0.0124 -0.007 -0.01)
(0.0128 -0.007 -0.01)
(0.0132 -0.007 -0.01)
(0.0136 -0.007 -0.01)
(0.014 -0.007 -0.01)
(0.0144 -0.007 -0.01)
(0.0148 -0.007 -0.01)
(0.0152 -0.007 -0.01)
(0.0156 -0.007 -0.01)
(0.016 -0.007 -0.01)
(0.0164 -0.007 -0.01)
(0.0168 -0.007 -0.01)
(0.0172 -0.007 -0.01)
(0.0176 -0.007 -0.01)
(0.018 -0.007 -0.01)
(0.0184 -0.007 -0.01)
(0.0188 -0.007 -0.01)
(0.0192 -0.007 -0.01)
(0.0196 -0.007 -0.01)
(0.02 -0.007 -0.01)
(0 -0.006 -0.01)
(0.0004 -0.006 -0.01)
(0.0008 -0.006 -0.01)
(0.0012 -0.006 -0.01)
(0.0016 -0.006 -0.01)
(0.002 -0.006 -0.01)
(0.0024 -0.006 -0.01)
(0.0028 -0.006 -0.01)
(0.0032 -0.006 -0.01)
(0.0036 -0.006 -0.01)
(0.004 -0.006 -0.01)
(0.0044 -0.006 -0.01)
(0.0048 -0.006 -0.01)
(0.0052 -0.006 -0.01)
(0.0056 -0.006 -0.01)
(0.006 -0.006 -0.01)
(0.0064 -0.006 -0.01)
(0.0068 -0.006 -0.01)
(0.0072 -0.006 -0.01)
(0.0076 -0.006 -0.01)
(0.008 -0.006 -0.01)
(0.0084 -0.006 -0.01)
(0.0088 -0.006 -0.01)
(0.0092 -0.006 -0.01)
(0.0096 -0.006 -0.01)
(0.01 -0.006 -0.01)
(0.0104 -0.006 -0.01)
(0.0108 -0.006 -0.01)
(0.0112 -0.006 -0.01)
(0.0116 -0.006 -0.01)
(0.012 -0.006 -0.01)
(0.0124 -0.006 -0.01)
(0.0128 -0.006 -0.01)
(0.0132 -0.006 -0.01)
(0.0136 -0.006 -0.01)
(0.014 -0.006 -0.01)
(0.0144 -0.006 -0.01)
(0.0148 -0.006 -0.01)
(0.0152 -0.006 -0.01)
(0.0156 -0.006 -0.01)
(0.016 -0.006 -0.01)
(0.0164 -0.006 -0.01)
(0.0168 -0.006 -0.01)
(0.0172 -0.006 -0.01)
(0.0176 -0.006 -0.01)
(0.018 -0.006 -0.01)
(0.0184 -0.006 -0.01)
(0.0188 -0.006 -0.01)
(0.0192 -0.006 -0.01)
(0.0196 -0.006 -0.01)
(0.02 -0.006 -0.01)
(0 -0.005 -0.01)
(0.0004 -0.005 -0.01)
(0.0008 -0.005 -0.01)
(0.0012 -0.005 -0.01)
(0.0016 -0.005 -0.01)
(0.002 -0.005 -0.01)
(0.0024 -0.005 -0.01)
(0.0028 -0.005 -0.01)
(0.0032 -0.005 -0.01)
(0.0036 -0.005 -0.01)
(0.004 -0.005 -0.01)
(0.0044 -0.005 -0.01)
(0.0048 -0.005 -0.01)
(0.0052 -0.005 -0.01)
(0.0056 -0.005 -0.01)
(0.006 -0.005 -0.01)
(0.0064 -0.005 -0.01)
(0.0068 -0.005 -0.01)
(0.0072 -0.005 -0.01)
(0.0076 -0.005 -0.01)
(0.008 -0.005 -0.01)
(0.0084 -0.005 -0.01)
(0.0088 -0.005 -0.01)
(0.0092 -0.005 -0.01)
(0.0096 -0.005 -0.01)
(0.01 -0.005 -0.01)
(0.0104 -0.005 -0.01)
(0.0108 -0.005 -0.01)
(0.0112 -0.005 -0.01)
(0.0116 -0.005 -0.01)
(0.012 -0.005 -0.01)
(0.0124 -0.005 -0.01)
(0.0128 -0.005 -0.01)
(0.0132 -0.005 -0.01)
(0.0136 -0.005 -0.01)
(0.014 -0.005 -0.01)
(0.0144 -0.005 -0.01)
(0.0148 -0.005 -0.01)
(0.0152 -0.005 -0.01)
(0.0156 -0.005 -0.01)
(0.016 -0.005 -0.01)
(0.0164 -0.005 -0.01)
(0.0168 -0.005 -0.01)
(0.0172 -0.005 -0.01)
(0.0176 -0.005 -0.01)
(0.018 -0.005 -0.01)
(0.0184 -0.005 -0.01)
(0.0188 -0.005 -0.01)
(0.0192 -0.005 -0.01)
(0.0196 -0.005 -0.01)
(0.02 -0.005 -0.01)
(0 -0.004 -0.01)
(0.0004 -0.004 -0.01)
(0.0008 -0.004 -0.01)
(0.0012 -0.004 -0.01)
(0.0016 -0.004 -0.01)
(0.002 -0.004 -0.01)
(0.0024 -0.004 -0.01)
(0.0028 -0.004 -0.01)
(0.0032 -0.004 -0.01)
(0.0036 -0.004 -0.01)
(0.004 -0.004 -0.01)
(0.0044 -0.004 -0.01)
(0.0048 -0.004 -0.01)
(0.0052 -0.004 -0.01)
(0.0056 -0.004 -0.01)
(0.006 -0.004 -0.01)
(0.0064 -0.004 -0.01)
(0.0068 -0.004 -0.01)
(0.0072 -0.004 -0.01)
(0.0076 -0.004 -0.01)
(0.008 -0.004 -0.01)
(0.0084 -0.004 -0.01)
(0.0088 -0.004 -0.01)
(0.0092 -0.004 -0.01)
(0.0096 -0.004 -0.01)
(0.01 -0.004 -0.01)
(0.0104 -0.004 -0.01)
(0.0108 -0.004 -0.01)
(0.0112 -0.004 -0.01)
(0.0116 -0.004 -0.01)
(0.012 -0.004 -0.01)
(0.0124 -0.004 -0.01)
(0.0128 -0.004 -0.01)
(0.0132 -0.004 -0.01)
(0.0136 -0.004 -0.01)
(0.014 -0.004 -0.01)
(0.0144 -0.004 -0.01)
(0.0148 -0.004 -0.01)
(0.0152 -0.004 -0.01)
(0.0156 -0.004 -0.01)
(0.016 -0.004 -0.01)
(0.0164 -0.004 -0.01)
(0.0168 -0.004 -0.01)
(0.0172 -0.004 -0.01)
(0.0176 -0.004 -0.01)
(0.018 -0.004 -0.01)
(0.0184 -0.004 -0.01)
(0.0188 -0.004 -0.01)
(0.0192 -0.004 -0.01)
(0.0196 -0.004 -0.01)
(0.02 -0.004 -0.01)
(0 -0.003 -0.01)
(0.0004 -0.003 -0.01)
(0.0008 -0.003 -0.01)
(0.0012 -0.003 -0.01)
(0.0016 -0.003 -0.01)
(0.002 -0.003 -0.01)
(0.0024 -0.003 -0.01)
(0.0028 -0.003 -0.01)
(0.0032 -0.003 -0.01)
(0.0036 -0.003 -0.01)
(0.004 -0.003 -0.01)
(0.0044 -0.003 -0.01)
(0.0048 -0.003 -0.01)
(0.0052 -0.003 -0.01)
(0.0056 -0.003 -0.01)
(0.006 -0.003 -0.01)
(0.0064 -0.003 -0.01)
(0.0068 -0.003 -0.01)
(0.0072 -0.003 -0.01)
(0.0076 -0.003 -0.01)
(0.008 -0.003 -0.01)
(0.0084 -0.003 -0.01)
(0.0088 -0.003 -0.01)
(0.0092 -0.003 -0.01)
(0.0096 -0.003 -0.01)
(0.01 -0.003 -0.01)
(0.0104 -0.003 -0.01)
(0.0108 -0.003 -0.01)
(0.0112 -0.003 -0.01)
(0.0116 -0.003 -0.01)
(0.012 -0.003 -0.01)
(0.0124 -0.003 -0.01)
(0.0128 -0.003 -0.01)
(0.0132 -0.003 -0.01)
(0.0136 -0.003 -0.01)
(0.014 -0.003 -0.01)
(0.0144 -0.003 -0.01)
(0.0148 -0.003 -0.01)
(0.0152 -0.003 -0.01)
(0.0156 -0.003 -0.01)
(0.016 -0.003 -0.01)
(0.0164 -0.003 -0.01)
(0.0168 -0.003 -0.01)
(0.0172 -0.003 -0.01)
(0.0176 -0.003 -0.01)
(0.018 -0.003 -0.01)
(0.0184 -0.003 -0.01)
(0.0188 -0.003 -0.01)
(0.0192 -0.003 -0.01)
(0.0196 -0.003 -0.01)
(0.02 -0.003 -0.01)
(0 -0.002 -0.01)
(0.0004 -0.002 -0.01)
(0.0008 -0.002 -0.01)
(0.0012 -0.002 -0.01)
(0.0016 -0.002 -0.01)
(0.002 -0.002 -0.01)
(0.0024 -0.002 -0.01)
(0.0028 -0.002 -0.01)
(0.0032 -0.002 -0.01)
(0.0036 -0.002 -0.01)
(0.004 -0.002 -0.01)
(0.0044 -0.002 -0.01)
(0.0048 -0.002 -0.01)
(0.0052 -0.002 -0.01)
(0.0056 -0.002 -0.01)
(0.006 -0.002 -0.01)
(0.0064 -0.002 -0.01)
(0.0068 -0.002 -0.01)
(0.0072 -0.002 -0.01)
(0.0076 -0.002 -0.01)
(0.008 -0.002 -0.01)
(0.0084 -0.002 -0.01)
(0.0088 -0.002 -0.01)
(0.0092 -0.002 -0.01)
(0.0096 -0.002 -0.01)
(0.01 -0.002 -0.01)
(0.0104 -0.002 -0.01)
(0.0108 -0.002 -0.01)
(0.0112 -0.002 -0.01)
(0.0116 -0.002 -0.01)
(0.012 -0.002 -0.01)
(0.0124 -0.002 -0.01)
(0.0128 -0.002 -0.01)
(0.0132 -0.002 -0.01)
(0.0136 -0.002 -0.01)
(0.014 -0.002 -0.01)
(0.0144 -0.002 -0.01)
(0.0148 -0.002 -0.01)
(0.0152 -0.002 -0.01)
(0.0156 -0.002 -0.01)
(0.016 -0.002 -0.01)
(0.0164 -0.002 -0.01)
(0.0168 -0.002 -0.01)
(0.0172 -0.002 -0.01)
(0.0176 -0.002 -0.01)
(0.018 -0.002 -0.01)
(0.0184 -0.002 -0.01)
(0.0188 -0.002 -0.01)
(0.0192 -0.002 -0.01)
(0.0196 -0.002 -0.01)
(0.02 -0.002 -0.01)
(0 -0.001 -0.01)
(0.0004 -0.001 -0.01)
(0.0008 -0.001 -0.01)
(0.0012 -0.001 -0.01)
(0.0016 -0.001 -0.01)
(0.002 -0.001 -0.01)
(0.0024 -0.001 -0.01)
(0.0028 -0.001 -0.01)
(0.0032 -0.001 -0.01)
(0.0036 -0.001 -0.01)
(0.004 -0.001 -0.01)
(0.0044 -0.001 -0.01)
(0.0048 -0.001 -0.01)
(0.0052 -0.001 -0.01)
(0.0056 -0.001 -0.01)
(0.006 -0.001 -0.01)
(0.0064 -0.001 -0.01)
(0.0068 -0.001 -0.01)
(0.0072 -0.001 -0.01)
(0.0076 -0.001 -0.01)
(0.008 -0.001 -0.01)
(0.0084 -0.001 -0.01)
(0.0088 -0.001 -0.01)
(0.0092 -0.001 -0.01)
(0.0096 -0.001 -0.01)
(0.01 -0.001 -0.01)
(0.0104 -0.001 -0.01)
(0.0108 -0.001 -0.01)
(0.0112 -0.001 -0.01)
(0.0116 -0.001 -0.01)
(0.012 -0.001 -0.01)
(0.0124 -0.001 -0.01)
(0.0128 -0.001 -0.01)
(0.0132 -0.001 -0.01)
(0.0136 -0.001 -0.01)
(0.014 -0.001 -0.01)
(0.0144 -0.001 -0.01)
(0.0148 -0.001 -0.01)
(0.0152 -0.001 -0.01)
(0.0156 -0.001 -0.01)
(0.016 -0.001 -0.01)
(0.0164 -0.001 -0.01)
(0.0168 -0.001 -0.01)
(0.0172 -0.001 -0.01)
(0.0176 -0.001 -0.01)
(0.018 -0.001 -0.01)
(0.0184 -0.001 -0.01)
(0.0188 -0.001 -0.01)
(0.0192 -0.001 -0.01)
(0.0196 -0.001 -0.01)
(0.02 -0.001 -0.01)
(0 0 -0.01)
(0.0004 0 -0.01)
(0.0008 0 -0.01)
(0.0012 0 -0.01)
(0.0016 0 -0.01)
(0.002 0 -0.01)
(0.0024 0 -0.01)
(0.0028 0 -0.01)
(0.0032 0 -0.01)
(0.0036 0 -0.01)
(0.004 0 -0.01)
(0.0044 1.445602897e-19 -0.01)
(0.0048 -1.445602897e-19 -0.01)
(0.0052 0 -0.01)
(0.0056 0 -0.01)
(0.006 1.445602897e-19 -0.01)
(0.0064 -1.445602897e-19 -0.01)
(0.0068 1.445602897e-19 -0.01)
(0.0072 0 -0.01)
(0.0076 -1.445602897e-19 -0.01)
(0.008 0 -0.01)
(0.0084 0 -0.01)
(0.0088 -1.445602897e-19 -0.01)
(0.0092 0 -0.01)
(0.0096 0 -0.01)
(0.01 0 -0.01)
(0.0104 0 -0.01)
(0.0108 0 -0.01)
(0.0112 0 -0.01)
(0.0116 0 -0.01)
(0.012 0 -0.01)
(0.0124 -7.228014483e-20 -0.01)
(0.0128 0 -0.01)
(0.0132 7.228014483e-20 -0.01)
(0.0136 0 -0.01)
(0.014 -7.228014483e-20 -0.01)
(0.0144 0 -0.01)
(0.0148 7.228014483e-20 -0.01)
(0.0152 -7.228014483e-20 -0.01)
(0.0156 0 -0.01)
(0.016 -7.228014483e-20 -0.01)
(0.0164 -1.084202172e-19 -0.01)
(0.0168 -7.228014483e-20 -0.01)
(0.0172 0 -0.01)
(0.0176 3.614007242e-20 -0.01)
(0.018 1.084202172e-19 -0.01)
(0.0184 -1.264902535e-19 -0.01)
(0.0188 1.264902535e-19 -0.01)
(0.0192 -1.174552354e-19 -0.01)
(0.0196 -5.872761768e-20 -0.01)
(0.02 0 -0.01)
(0 0.001 -0.01)
(0.0004 0.001 -0.01)
(0.0008 0.001 -0.01)
(0.0012 0.001 -0.01)
(0.0016 0.001 -0.01)
(0.002 0.001 -0.01)
(0.0024 0.001 -0.01)
(0.0028 0.001 -0.01)
(0.0032 0.001 -0.01)
(0.0036 0.001 -0.01)
(0.004 0.001 -0.01)
(0.0044 0.001 -0.01)
(0.0048 0.001 -0.01)
(0.0052 0.001 -0.01)
(0.0056 0.001 -0.01)
(0.006 0.001 -0.01)
(0.0064 0.001 -0.01)
(0.0068 0.001 -0.01)
(0.0072 0.001 -0.01)
(0.0076 0.001 -0.01)
(0.008 0.001 -0.01)
(0.0084 0.001 -0.01)
(0.0088 0.001 -0.01)
(0.0092 0.001 -0.01)
(0.0096 0.001 -0.01)
(0.01 0.001 -0.01)
(0.0104 0.001 -0.01)
(0.0108 0.001 -0.01)
(0.0112 0.001 -0.01)
(0.0116 0.001 -0.01)
(0.012 0.001 -0.01)
(0.0124 0.001 -0.01)
(0.0128 0.001 -0.01)
(0.0132 0.001 -0.01)
(0.0136 0.001 -0.01)
(0.014 0.001 -0.01)
(0.0144 0.001 -0.01)
(0.0148 0.001 -0.01)
(0.0152 0.001 -0.01)
(0.0156 0.001 -0.01)
(0.016 0.001 -0.01)
(0.0164 0.001 -0.01)
(0.0168 0.001 -0.01)
(0.0172 0.001 -0.01)
(0.0176 0.001 -0.01)
(0.018 0.001 -0.01)
(0.0184 0.001 -0.01)
(0.0188 0.001 -0.01)
(0.0192 0.001 -0.01)
(0.0196 0.001 -0.01)
(0.02 0.001 -0.01)
(0 0.002 -0.01)
(0.0004 0.002 -0.01)
(0.0008 0.002 -0.01)
(0.0012 0.002 -0.01)
(0.0016 0.002 -0.01)
(0.002 0.002 -0.01)
(0.0024 0.002 -0.01)
(0.0028 0.002 -0.01)
(0.0032 0.002 -0.01)
(0.0036 0.002 -0.01)
(0.004 0.002 -0.01)
(0.0044 0.002 -0.01)
(0.0048 0.002 -0.01)
(0.0052 0.002 -0.01)
(0.0056 0.002 -0.01)
(0.006 0.002 -0.01)
(0.0064 0.002 -0.01)
(0.0068 0.002 -0.01)
(0.0072 0.002 -0.01)
(0.0076 0.002 -0.01)
(0.008 0.002 -0.01)
(0.0084 0.002 -0.01)
(0.0088 0.002 -0.01)
(0.0092 0.002 -0.01)
(0.0096 0.002 -0.01)
(0.01 0.002 -0.01)
(0.0104 0.002 -0.01)
(0.0108 0.002 -0.01)
(0.0112 0.002 -0.01)
(0.0116 0.002 -0.01)
(0.012 0.002 -0.01)
(0.0124 0.002 -0.01)
(0.0128 0.002 -0.01)
(0.0132 0.002 -0.01)
(0.0136 0.002 -0.01)
(0.014 0.002 -0.01)
(0.0144 0.002 -0.01)
(0.0148 0.002 -0.01)
(0.0152 0.002 -0.01)
(0.0156 0.002 -0.01)
(0.016 0.002 -0.01)
(0.0164 0.002 -0.01)
(0.0168 0.002 -0.01)
(0.0172 0.002 -0.01)
(0.0176 0.002 -0.01)
(0.018 0.002 -0.01)
(0.0184 0.002 -0.01)
(0.0188 0.002 -0.01)
(0.0192 0.002 -0.01)
(0.0196 0.002 -0.01)
(0.02 0.002 -0.01)
(0 0.003 -0.01)
(0.0004 0.003 -0.01)
(0.0008 0.003 -0.01)
(0.0012 0.003 -0.01)
(0.0016 0.003 -0.01)
(0.002 0.003 -0.01)
(0.0024 0.003 -0.01)
(0.0028 0.003 -0.01)
(0.0032 0.003 -0.01)
(0.0036 0.003 -0.01)
(0.004 0.003 -0.01)
(0.0044 0.003 -0.01)
(0.0048 0.003 -0.01)
(0.0052 0.003 -0.01)
(0.0056 0.003 -0.01)
(0.006 0.003 -0.01)
(0.0064 0.003 -0.01)
(0.0068 0.003 -0.01)
(0.0072 0.003 -0.01)
(0.0076 0.003 -0.01)
(0.008 0.003 -0.01)
(0.0084 0.003 -0.01)
(0.0088 0.003 -0.01)
(0.0092 0.003 -0.01)
(0.0096 0.003 -0.01)
(0.01 0.003 -0.01)
(0.0104 0.003 -0.01)
(0.0108 0.003 -0.01)
(0.0112 0.003 -0.01)
(0.0116 0.003 -0.01)
(0.012 0.003 -0.01)
(0.0124 0.003 -0.01)
(0.0128 0.003 -0.01)
(0.0132 0.003 -0.01)
(0.0136 0.003 -0.01)
(0.014 0.003 -0.01)
(0.0144 0.003 -0.01)
(0.0148 0.003 -0.01)
(0.0152 0.003 -0.01)
(0.0156 0.003 -0.01)
(0.016 0.003 -0.01)
(0.0164 0.003 -0.01)
(0.0168 0.003 -0.01)
(0.0172 0.003 -0.01)
(0.0176 0.003 -0.01)
(0.018 0.003 -0.01)
(0.0184 0.003 -0.01)
(0.0188 0.003 -0.01)
(0.0192 0.003 -0.01)
(0.0196 0.003 -0.01)
(0.02 0.003 -0.01)
(0 0.004 -0.01)
(0.0004 0.004 -0.01)
(0.0008 0.004 -0.01)
(0.0012 0.004 -0.01)
(0.0016 0.004 -0.01)
(0.002 0.004 -0.01)
(0.0024 0.004 -0.01)
(0.0028 0.004 -0.01)
(0.0032 0.004 -0.01)
(0.0036 0.004 -0.01)
(0.004 0.004 -0.01)
(0.0044 0.004 -0.01)
(0.0048 0.004 -0.01)
(0.0052 0.004 -0.01)
(0.0056 0.004 -0.01)
(0.006 0.004 -0.01)
(0.0064 0.004 -0.01)
(0.0068 0.004 -0.01)
(0.0072 0.004 -0.01)
(0.0076 0.004 -0.01)
(0.008 0.004 -0.01)
(0.0084 0.004 -0.01)
(0.0088 0.004 -0.01)
(0.0092 0.004 -0.01)
(0.0096 0.004 -0.01)
(0.01 0.004 -0.01)
(0.0104 0.004 -0.01)
(0.0108 0.004 -0.01)
(0.0112 0.004 -0.01)
(0.0116 0.004 -0.01)
(0.012 0.004 -0.01)
(0.0124 0.004 -0.01)
(0.0128 0.004 -0.01)
(0.0132 0.004 -0.01)
(0.0136 0.004 -0.01)
(0.014 0.004 -0.01)
(0.0144 0.004 -0.01)
(0.0148 0.004 -0.01)
(0.0152 0.004 -0.01)
(0.0156 0.004 -0.01)
(0.016 0.004 -0.01)
(0.0164 0.004 -0.01)
(0.0168 0.004 -0.01)
(0.0172 0.004 -0.01)
(0.0176 0.004 -0.01)
(0.018 0.004 -0.01)
(0.0184 0.004 -0.01)
(0.0188 0.004 -0.01)
(0.0192 0.004 -0.01)
(0.0196 0.004 -0.01)
(0.02 0.004 -0.01)
(0 0.005 -0.01)
(0.0004 0.005 -0.01)
(0.0008 0.005 -0.01)
(0.0012 0.005 -0.01)
(0.0016 0.005 -0.01)
(0.002 0.005 -0.01)
(0.0024 0.005 -0.01)
(0.0028 0.005 -0.01)
(0.0032 0.005 -0.01)
(0.0036 0.005 -0.01)
(0.004 0.005 -0.01)
(0.0044 0.005 -0.01)
(0.0048 0.005 -0.01)
(0.0052 0.005 -0.01)
(0.0056 0.005 -0.01)
(0.006 0.005 -0.01)
(0.0064 0.005 -0.01)
(0.0068 0.005 -0.01)
(0.0072 0.005 -0.01)
(0.0076 0.005 -0.01)
(0.008 0.005 -0.01)
(0.0084 0.005 -0.01)
(0.0088 0.005 -0.01)
(0.0092 0.005 -0.01)
(0.0096 0.005 -0.01)
(0.01 0.005 -0.01)
(0.0104 0.005 -0.01)
(0.0108 0.005 -0.01)
(0.0112 0.005 -0.01)
(0.0116 0.005 -0.01)
(0.012 0.005 -0.01)
(0.0124 0.005 -0.01)
(0.0128 0.005 -0.01)
(0.0132 0.005 -0.01)
(0.0136 0.005 -0.01)
(0.014 0.005 -0.01)
(0.0144 0.005 -0.01)
(0.0148 0.005 -0.01)
(0.0152 0.005 -0.01)
(0.0156 0.005 -0.01)
(0.016 0.005 -0.01)
(0.0164 0.005 -0.01)
(0.0168 0.005 -0.01)
(0.0172 0.005 -0.01)
(0.0176 0.005 -0.01)
(0.018 0.005 -0.01)
(0.0184 0.005 -0.01)
(0.0188 0.005 -0.01)
(0.0192 0.005 -0.01)
(0.0196 0.005 -0.01)
(0.02 0.005 -0.01)
(0 0.006 -0.01)
(0.0004 0.006 -0.01)
(0.0008 0.006 -0.01)
(0.0012 0.006 -0.01)
(0.0016 0.006 -0.01)
(0.002 0.006 -0.01)
(0.0024 0.006 -0.01)
(0.0028 0.006 -0.01)
(0.0032 0.006 -0.01)
(0.0036 0.006 -0.01)
(0.004 0.006 -0.01)
(0.0044 0.006 -0.01)
(0.0048 0.006 -0.01)
(0.0052 0.006 -0.01)
(0.0056 0.006 -0.01)
(0.006 0.006 -0.01)
(0.0064 0.006 -0.01)
(0.0068 0.006 -0.01)
(0.0072 0.006 -0.01)
(0.0076 0.006 -0.01)
(0.008 0.006 -0.01)
(0.0084 0.006 -0.01)
(0.0088 0.006 -0.01)
(0.0092 0.006 -0.01)
(0.0096 0.006 -0.01)
(0.01 0.006 -0.01)
(0.0104 0.006 -0.01)
(0.0108 0.006 -0.01)
(0.0112 0.006 -0.01)
(0.0116 0.006 -0.01)
(0.012 0.006 -0.01)
(0.0124 0.006 -0.01)
(0.0128 0.006 -0.01)
(0.0132 0.006 -0.01)
(0.0136 0.006 -0.01)
(0.014 0.006 -0.01)
(0.0144 0.006 -0.01)
(0.0148 0.006 -0.01)
(0.0152 0.006 -0.01)
(0.0156 0.006 -0.01)
(0.016 0.006 -0.01)
(0.0164 0.006 -0.01)
(0.0168 0.006 -0.01)
(0.0172 0.006 -0.01)
(0.0176 0.006 -0.01)
(0.018 0.006 -0.01)
(0.0184 0.006 -0.01)
(0.0188 0.006 -0.01)
(0.0192 0.006 -0.01)
(0.0196 0.006 -0.01)
(0.02 0.006 -0.01)
(0 0.007 -0.01)
(0.0004 0.007 -0.01)
(0.0008 0.007 -0.01)
(0.0012 0.007 -0.01)
(0.0016 0.007 -0.01)
(0.002 0.007 -0.01)
(0.0024 0.007 -0.01)
(0.0028 0.007 -0.01)
(0.0032 0.007 -0.01)
(0.0036 0.007 -0.01)
(0.004 0.007 -0.01)
(0.0044 0.007 -0.01)
(0.0048 0.007 -0.01)
(0.0052 0.007 -0.01)
(0.0056 0.007 -0.01)
(0.006 0.007 -0.01)
(0.0064 0.007 -0.01)
(0.0068 0.007 -0.01)
(0.0072 0.007 -0.01)
(0.0076 0.007 -0.01)
(0.008 0.007 -0.01)
(0.0084 0.007 -0.01)
(0.0088 0.007 -0.01)
(0.0092 0.007 -0.01)
(0.0096 0.007 -0.01)
(0.01 0.007 -0.01)
(0.0104 0.007 -0.01)
(0.0108 0.007 -0.01)
(0.0112 0.007 -0.01)
(0.0116 0.007 -0.01)
(0.012 0.007 -0.01)
(0.0124 0.007 -0.01)
(0.0128 0.007 -0.01)
(0.0132 0.007 -0.01)
(0.0136 0.007 -0.01)
(0.014 0.007 -0.01)
(0.0144 0.007 -0.01)
(0.0148 0.007 -0.01)
(0.0152 0.007 -0.01)
(0.0156 0.007 -0.01)
(0.016 0.007 -0.01)
(0.0164 0.007 -0.01)
(0.0168 0.007 -0.01)
(0.0172 0.007 -0.01)
(0.0176 0.007 -0.01)
(0.018 0.007 -0.01)
(0.0184 0.007 -0.01)
(0.0188 0.007 -0.01)
(0.0192 0.007 -0.01)
(0.0196 0.007 -0.01)
(0.02 0.007 -0.01)
(0 0.008 -0.01)
(0.0004 0.008 -0.01)
(0.0008 0.008 -0.01)
(0.0012 0.008 -0.01)
(0.0016 0.008 -0.01)
(0.002 0.008 -0.01)
(0.0024 0.008 -0.01)
(0.0028 0.008 -0.01)
(0.0032 0.008 -0.01)
(0.0036 0.008 -0.01)
(0.004 0.008 -0.01)
(0.0044 0.008 -0.01)
(0.0048 0.008 -0.01)
(0.0052 0.008 -0.01)
(0.0056 0.008 -0.01)
(0.006 0.008 -0.01)
(0.0064 0.008 -0.01)
(0.0068 0.008 -0.01)
(0.0072 0.008 -0.01)
(0.0076 0.008 -0.01)
(0.008 0.008 -0.01)
(0.0084 0.008 -0.01)
(0.0088 0.008 -0.01)
(0.0092 0.008 -0.01)
(0.0096 0.008 -0.01)
(0.01 0.008 -0.01)
(0.0104 0.008 -0.01)
(0.0108 0.008 -0.01)
(0.0112 0.008 -0.01)
(0.0116 0.008 -0.01)
(0.012 0.008 -0.01)
(0.0124 0.008 -0.01)
(0.0128 0.008 -0.01)
(0.0132 0.008 -0.01)
(0.0136 0.008 -0.01)
(0.014 0.008 -0.01)
(0.0144 0.008 -0.01)
(0.0148 0.008 -0.01)
(0.0152 0.008 -0.01)
(0.0156 0.008 -0.01)
(0.016 0.008 -0.01)
(0.0164 0.008 -0.01)
(0.0168 0.008 -0.01)
(0.0172 0.008 -0.01)
(0.0176 0.008 -0.01)
(0.018 0.008 -0.01)
(0.0184 0.008 -0.01)
(0.0188 0.008 -0.01)
(0.0192 0.008 -0.01)
(0.0196 0.008 -0.01)
(0.02 0.008 -0.01)
(0 0.009 -0.01)
(0.0004 0.009 -0.01)
(0.0008 0.009 -0.01)
(0.0012 0.009 -0.01)
(0.0016 0.009 -0.01)
(0.002 0.009 -0.01)
(0.0024 0.009 -0.01)
(0.0028 0.009 -0.01)
(0.0032 0.009 -0.01)
(0.0036 0.009 -0.01)
(0.004 0.009 -0.01)
(0.0044 0.009 -0.01)
(0.0048 0.009 -0.01)
(0.0052 0.009 -0.01)
(0.0056 0.009 -0.01)
(0.006 0.009 -0.01)
(0.0064 0.009 -0.01)
(0.0068 0.009 -0.01)
(0.0072 0.009 -0.01)
(0.0076 0.009 -0.01)
(0.008 0.009 -0.01)
(0.0084 0.009 -0.01)
(0.0088 0.009 -0.01)
(0.0092 0.009 -0.01)
(0.0096 0.009 -0.01)
(0.01 0.009 -0.01)
(0.0104 0.009 -0.01)
(0.0108 0.009 -0.01)
(0.0112 0.009 -0.01)
(0.0116 0.009 -0.01)
(0.012 0.009 -0.01)
(0.0124 0.009 -0.01)
(0.0128 0.009 -0.01)
(0.0132 0.009 -0.01)
(0.0136 0.009 -0.01)
(0.014 0.009 -0.01)
(0.0144 0.009 -0.01)
(0.0148 0.009 -0.01)
(0.0152 0.009 -0.01)
(0.0156 0.009 -0.01)
(0.016 0.009 -0.01)
(0.0164 0.009 -0.01)
(0.0168 0.009 -0.01)
(0.0172 0.009 -0.01)
(0.0176 0.009 -0.01)
(0.018 0.009 -0.01)
(0.0184 0.009 -0.01)
(0.0188 0.009 -0.01)
(0.0192 0.009 -0.01)
(0.0196 0.009 -0.01)
(0.02 0.009 -0.01)
(0 0.01 -0.01)
(0.0004 0.01 -0.01)
(0.0008 0.01 -0.01)
(0.0012 0.01 -0.01)
(0.0016 0.01 -0.01)
(0.002 0.01 -0.01)
(0.0024 0.01 -0.01)
(0.0028 0.01 -0.01)
(0.0032 0.01 -0.01)
(0.0036 0.01 -0.01)
(0.004 0.01 -0.01)
(0.0044 0.01 -0.01)
(0.0048 0.01 -0.01)
(0.0052 0.01 -0.01)
(0.0056 0.01 -0.01)
(0.006 0.01 -0.01)
(0.0064 0.01 -0.01)
(0.0068 0.01 -0.01)
(0.0072 0.01 -0.01)
(0.0076 0.01 -0.01)
(0.008 0.01 -0.01)
(0.0084 0.01 -0.01)
(0.0088 0.01 -0.01)
(0.0092 0.01 -0.01)
(0.0096 0.01 -0.01)
(0.01 0.01 -0.01)
(0.0104 0.01 -0.01)
(0.0108 0.01 -0.01)
(0.0112 0.01 -0.01)
(0.0116 0.01 -0.01)
(0.012 0.01 -0.01)
(0.0124 0.01 -0.01)
(0.0128 0.01 -0.01)
(0.0132 0.01 -0.01)
(0.0136 0.01 -0.01)
(0.014 0.01 -0.01)
(0.0144 0.01 -0.01)
(0.0148 0.01 -0.01)
(0.0152 0.01 -0.01)
(0.0156 0.01 -0.01)
(0.016 0.01 -0.01)
(0.0164 0.01 -0.01)
(0.0168 0.01 -0.01)
(0.0172 0.01 -0.01)
(0.0176 0.01 -0.01)
(0.018 0.01 -0.01)
(0.0184 0.01 -0.01)
(0.0188 0.01 -0.01)
(0.0192 0.01 -0.01)
(0.0196 0.01 -0.01)
(0.02 0.01 -0.01)
(0 -0.01 0.01)
(0.0004 -0.01 0.01)
(0.0008 -0.01 0.01)
(0.0012 -0.01 0.01)
(0.0016 -0.01 0.01)
(0.002 -0.01 0.01)
(0.0024 -0.01 0.01)
(0.0028 -0.01 0.01)
(0.0032 -0.01 0.01)
(0.0036 -0.01 0.01)
(0.004 -0.01 0.01)
(0.0044 -0.01 0.01)
(0.0048 -0.01 0.01)
(0.0052 -0.01 0.01)
(0.0056 -0.01 0.01)
(0.006 -0.01 0.01)
(0.0064 -0.01 0.01)
(0.0068 -0.01 0.01)
(0.0072 -0.01 0.01)
(0.0076 -0.01 0.01)
(0.008 -0.01 0.01)
(0.0084 -0.01 0.01)
(0.0088 -0.01 0.01)
(0.0092 -0.01 0.01)
(0.0096 -0.01 0.01)
(0.01 -0.01 0.01)
(0.0104 -0.01 0.01)
(0.0108 -0.01 0.01)
(0.0112 -0.01 0.01)
(0.0116 -0.01 0.01)
(0.012 -0.01 0.01)
(0.0124 -0.01 0.01)
(0.0128 -0.01 0.01)
(0.0132 -0.01 0.01)
(0.0136 -0.01 0.01)
(0.014 -0.01 0.01)
(0.0144 -0.01 0.01)
(0.0148 -0.01 0.01)
(0.0152 -0.01 0.01)
(0.0156 -0.01 0.01)
(0.016 -0.01 0.01)
(0.0164 -0.01 0.01)
(0.0168 -0.01 0.01)
(0.0172 -0.01 0.01)
(0.0176 -0.01 0.01)
(0.018 -0.01 0.01)
(0.0184 -0.01 0.01)
(0.0188 -0.01 0.01)
(0.0192 -0.01 0.01)
(0.0196 -0.01 0.01)
(0.02 -0.01 0.01)
(0 -0.009 0.01)
(0.0004 -0.009 0.01)
(0.0008 -0.009 0.01)
(0.0012 -0.009 0.01)
(0.0016 -0.009 0.01)
(0.002 -0.009 0.01)
(0.0024 -0.009 0.01)
(0.0028 -0.009 0.01)
(0.0032 -0.009 0.01)
(0.0036 -0.009 0.01)
(0.004 -0.009 0.01)
(0.0044 -0.009 0.01)
(0.0048 -0.009 0.01)
(0.0052 -0.009 0.01)
(0.0056 -0.009 0.01)
(0.006 -0.009 0.01)
(0.0064 -0.009 0.01)
(0.0068 -0.009 0.01)
(0.0072 -0.009 0.01)
(0.0076 -0.009 0.01)
(0.008 -0.009 0.01)
(0.0084 -0.009 0.01)
(0.0088 -0.009 0.01)
(0.0092 -0.009 0.01)
(0.0096 -0.009 0.01)
(0.01 -0.009 0.01)
(0.0104 -0.009 0.01)
(0.0108 -0.009 0.01)
(0.0112 -0.009 0.01)
(0.0116 -0.009 0.01)
(0.012 -0.009 0.01)
(0.0124 -0.009 0.01)
(0.0128 -0.009 0.01)
(0.0132 -0.009 0.01)
(0.0136 -0.009 0.01)
(0.014 -0.009 0.01)
(0.0144 -0.009 0.01)
(0.0148 -0.009 0.01)
(0.0152 -0.009 0.01)
(0.0156 -0.009 0.01)
(0.016 -0.009 0.01)
(0.0164 -0.009 0.01)
(0.0168 -0.009 0.01)
(0.0172 -0.009 0.01)
(0.0176 -0.009 0.01)
(0.018 -0.009 0.01)
(0.0184 -0.009 0.01)
(0.0188 -0.009 0.01)
(0.0192 -0.009 0.01)
(0.0196 -0.009 0.01)
(0.02 -0.009 0.01)
(0 -0.008 0.01)
(0.0004 -0.008 0.01)
(0.0008 -0.008 0.01)
(0.0012 -0.008 0.01)
(0.0016 -0.008 0.01)
(0.002 -0.008 0.01)
(0.0024 -0.008 0.01)
(0.0028 -0.008 0.01)
(0.0032 -0.008 0.01)
(0.0036 -0.008 0.01)
(0.004 -0.008 0.01)
(0.0044 -0.008 0.01)
(0.0048 -0.008 0.01)
(0.0052 -0.008 0.01)
(0.0056 -0.008 0.01)
(0.006 -0.008 0.01)
(0.0064 -0.008 0.01)
(0.0068 -0.008 0.01)
(0.0072 -0.008 0.01)
(0.0076 -0.008 0.01)
(0.008 -0.008 0.01)
(0.0084 -0.008 0.01)
(0.0088 -0.008 0.01)
(0.0092 -0.008 0.01)
(0.0096 -0.008 0.01)
(0.01 -0.008 0.01)
(0.0104 -0.008 0.01)
(0.0108 -0.008 0.01)
(0.0112 -0.008 0.01)
(0.0116 -0.008 0.01)
(0.012 -0.008 0.01)
(0.0124 -0.008 0.01)
(0.0128 -0.008 0.01)
(0.0132 -0.008 0.01)
(0.0136 -0.008 0.01)
(0.014 -0.008 0.01)
(0.0144 -0.008 0.01)
(0.0148 -0.008 0.01)
(0.0152 -0.008 0.01)
(0.0156 -0.008 0.01)
(0.016 -0.008 0.01)
(0.0164 -0.008 0.01)
(0.0168 -0.008 0.01)
(0.0172 -0.008 0.01)
(0.0176 -0.008 0.01)
(0.018 -0.008 0.01)
(0.0184 -0.008 0.01)
(0.0188 -0.008 0.01)
(0.0192 -0.008 0.01)
(0.0196 -0.008 0.01)
(0.02 -0.008 0.01)
(0 -0.007 0.01)
(0.0004 -0.007 0.01)
(0.0008 -0.007 0.01)
(0.0012 -0.007 0.01)
(0.0016 -0.007 0.01)
(0.002 -0.007 0.01)
(0.0024 -0.007 0.01)
(0.0028 -0.007 0.01)
(0.0032 -0.007 0.01)
(0.0036 -0.007 0.01)
(0.004 -0.007 0.01)
(0.0044 -0.007 0.01)
(0.0048 -0.007 0.01)
(0.0052 -0.007 0.01)
(0.0056 -0.007 0.01)
(0.006 -0.007 0.01)
(0.0064 -0.007 0.01)
(0.0068 -0.007 0.01)
(0.0072 -0.007 0.01)
(0.0076 -0.007 0.01)
(0.008 -0.007 0.01)
(0.0084 -0.007 0.01)
(0.0088 -0.007 0.01)
(0.0092 -0.007 0.01)
(0.0096 -0.007 0.01)
(0.01 -0.007 0.01)
(0.0104 -0.007 0.01)
(0.0108 -0.007 0.01)
(0.0112 -0.007 0.01)
(0.0116 -0.007 0.01)
(0.012 -0.007 0.01)
(0.0124 -0.007 0.01)
(0.0128 -0.007 0.01)
(0.0132 -0.007 0.01)
(0.0136 -0.007 0.01)
(0.014 -0.007 0.01)
(0.0144 -0.007 0.01)
(0.0148 -0.007 0.01)
(0.0152 -0.007 0.01)
(0.0156 -0.007 0.01)
(0.016 -0.007 0.01)
(0.0164 -0.007 0.01)
(0.0168 -0.007 0.01)
(0.0172 -0.007 0.01)
(0.0176 -0.007 0.01)
(0.018 -0.007 0.01)
(0.0184 -0.007 0.01)
(0.0188 -0.007 0.01)
(0.0192 -0.007 0.01)
(0.0196 -0.007 0.01)
(0.02 -0.007 0.01)
(0 -0.006 0.01)
(0.0004 -0.006 0.01)
(0.0008 -0.006 0.01)
(0.0012 -0.006 0.01)
(0.0016 -0.006 0.01)
(0.002 -0.006 0.01)
(0.0024 -0.006 0.01)
(0.0028 -0.006 0.01)
(0.0032 -0.006 0.01)
(0.0036 -0.006 0.01)
(0.004 -0.006 0.01)
(0.0044 -0.006 0.01)
(0.0048 -0.006 0.01)
(0.0052 -0.006 0.01)
(0.0056 -0.006 0.01)
(0.006 -0.006 0.01)
(0.0064 -0.006 0.01)
(0.0068 -0.006 0.01)
(0.0072 -0.006 0.01)
(0.0076 -0.006 0.01)
(0.008 -0.006 0.01)
(0.0084 -0.006 0.01)
(0.0088 -0.006 0.01)
(0.0092 -0.006 0.01)
(0.0096 -0.006 0.01)
(0.01 -0.006 0.01)
(0.0104 -0.006 0.01)
(0.0108 -0.006 0.01)
(0.0112 -0.006 0.01)
(0.0116 -0.006 0.01)
(0.012 -0.006 0.01)
(0.0124 -0.006 0.01)
(0.0128 -0.006 0.01)
(0.0132 -0.006 0.01)
(0.0136 -0.006 0.01)
(0.014 -0.006 0.01)
(0.0144 -0.006 0.01)
(0.0148 -0.006 0.01)
(0.0152 -0.006 0.01)
(0.0156 -0.006 0.01)
(0.016 -0.006 0.01)
(0.0164 -0.006 0.01)
(0.0168 -0.006 0.01)
(0.0172 -0.006 0.01)
(0.0176 -0.006 0.01)
(0.018 -0.006 0.01)
(0.0184 -0.006 0.01)
(0.0188 -0.006 0.01)
(0.0192 -0.006 0.01)
(0.0196 -0.006 0.01)
(0.02 -0.006 0.01)
(0 -0.005 0.01)
(0.0004 -0.005 0.01)
(0.0008 -0.005 0.01)
(0.0012 -0.005 0.01)
(0.0016 -0.005 0.01)
(0.002 -0.005 0.01)
(0.0024 -0.005 0.01)
(0.0028 -0.005 0.01)
(0.0032 -0.005 0.01)
(0.0036 -0.005 0.01)
(0.004 -0.005 0.01)
(0.0044 -0.005 0.01)
(0.0048 -0.005 0.01)
(0.0052 -0.005 0.01)
(0.0056 -0.005 0.01)
(0.006 -0.005 0.01)
(0.0064 -0.005 0.01)
(0.0068 -0.005 0.01)
(0.0072 -0.005 0.01)
(0.0076 -0.005 0.01)
(0.008 -0.005 0.01)
(0.0084 -0.005 0.01)
(0.0088 -0.005 0.01)
(0.0092 -0.005 0.01)
(0.0096 -0.005 0.01)
(0.01 -0.005 0.01)
(0.0104 -0.005 0.01)
(0.0108 -0.005 0.01)
(0.0112 -0.005 0.01)
(0.0116 -0.005 0.01)
(0.012 -0.005 0.01)
(0.0124 -0.005 0.01)
(0.0128 -0.005 0.01)
(0.0132 -0.005 0.01)
(0.0136 -0.005 0.01)
(0.014 -0.005 0.01)
(0.0144 -0.005 0.01)
(0.0148 -0.005 0.01)
(0.0152 -0.005 0.01)
(0.0156 -0.005 0.01)
(0.016 -0.005 0.01)
(0.0164 -0.005 0.01)
(0.0168 -0.005 0.01)
(0.0172 -0.005 0.01)
(0.0176 -0.005 0.01)
(0.018 -0.005 0.01)
(0.0184 -0.005 0.01)
(0.0188 -0.005 0.01)
(0.0192 -0.005 0.01)
(0.0196 -0.005 0.01)
(0.02 -0.005 0.01)
(0 -0.004 0.01)
(0.0004 -0.004 0.01)
(0.0008 -0.004 0.01)
(0.0012 -0.004 0.01)
(0.0016 -0.004 0.01)
(0.002 -0.004 0.01)
(0.0024 -0.004 0.01)
(0.0028 -0.004 0.01)
(0.0032 -0.004 0.01)
(0.0036 -0.004 0.01)
(0.004 -0.004 0.01)
(0.0044 -0.004 0.01)
(0.0048 -0.004 0.01)
(0.0052 -0.004 0.01)
(0.0056 -0.004 0.01)
(0.006 -0.004 0.01)
(0.0064 -0.004 0.01)
(0.0068 -0.004 0.01)
(0.0072 -0.004 0.01)
(0.0076 -0.004 0.01)
(0.008 -0.004 0.01)
(0.0084 -0.004 0.01)
(0.0088 -0.004 0.01)
(0.0092 -0.004 0.01)
(0.0096 -0.004 0.01)
(0.01 -0.004 0.01)
(0.0104 -0.004 0.01)
(0.0108 -0.004 0.01)
(0.0112 -0.004 0.01)
(0.0116 -0.004 0.01)
(0.012 -0.004 0.01)
(0.0124 -0.004 0.01)
(0.0128 -0.004 0.01)
(0.0132 -0.004 0.01)
(0.0136 -0.004 0.01)
(0.014 -0.004 0.01)
(0.0144 -0.004 0.01)
(0.0148 -0.004 0.01)
(0.0152 -0.004 0.01)
(0.0156 -0.004 0.01)
(0.016 -0.004 0.01)
(0.0164 -0.004 0.01)
(0.0168 -0.004 0.01)
(0.0172 -0.004 0.01)
(0.0176 -0.004 0.01)
(0.018 -0.004 0.01)
(0.0184 -0.004 0.01)
(0.0188 -0.004 0.01)
(0.0192 -0.004 0.01)
(0.0196 -0.004 0.01)
(0.02 -0.004 0.01)
(0 -0.003 0.01)
(0.0004 -0.003 0.01)
(0.0008 -0.003 0.01)
(0.0012 -0.003 0.01)
(0.0016 -0.003 0.01)
(0.002 -0.003 0.01)
(0.0024 -0.003 0.01)
(0.0028 -0.003 0.01)
(0.0032 -0.003 0.01)
(0.0036 -0.003 0.01)
(0.004 -0.003 0.01)
(0.0044 -0.003 0.01)
(0.0048 -0.003 0.01)
(0.0052 -0.003 0.01)
(0.0056 -0.003 0.01)
(0.006 -0.003 0.01)
(0.0064 -0.003 0.01)
(0.0068 -0.003 0.01)
(0.0072 -0.003 0.01)
(0.0076 -0.003 0.01)
(0.008 -0.003 0.01)
(0.0084 -0.003 0.01)
(0.0088 -0.003 0.01)
(0.0092 -0.003 0.01)
(0.0096 -0.003 0.01)
(0.01 -0.003 0.01)
(0.0104 -0.003 0.01)
(0.0108 -0.003 0.01)
(0.0112 -0.003 0.01)
(0.0116 -0.003 0.01)
(0.012 -0.003 0.01)
(0.0124 -0.003 0.01)
(0.0128 -0.003 0.01)
(0.0132 -0.003 0.01)
(0.0136 -0.003 0.01)
(0.014 -0.003 0.01)
(0.0144 -0.003 0.01)
(0.0148 -0.003 0.01)
(0.0152 -0.003 0.01)
(0.0156 -0.003 0.01)
(0.016 -0.003 0.01)
(0.0164 -0.003 0.01)
(0.0168 -0.003 0.01)
(0.0172 -0.003 0.01)
(0.0176 -0.003 0.01)
(0.018 -0.003 0.01)
(0.0184 -0.003 0.01)
(0.0188 -0.003 0.01)
(0.0192 -0.003 0.01)
(0.0196 -0.003 0.01)
(0.02 -0.003 0.01)
(0 -0.002 0.01)
(0.0004 -0.002 0.01)
(0.0008 -0.002 0.01)
(0.0012 -0.002 0.01)
(0.0016 -0.002 0.01)
(0.002 -0.002 0.01)
(0.0024 -0.002 0.01)
(0.0028 -0.002 0.01)
(0.0032 -0.002 0.01)
(0.0036 -0.002 0.01)
(0.004 -0.002 0.01)
(0.0044 -0.002 0.01)
(0.0048 -0.002 0.01)
(0.0052 -0.002 0.01)
(0.0056 -0.002 0.01)
(0.006 -0.002 0.01)
(0.0064 -0.002 0.01)
(0.0068 -0.002 0.01)
(0.0072 -0.002 0.01)
(0.0076 -0.002 0.01)
(0.008 -0.002 0.01)
(0.0084 -0.002 0.01)
(0.0088 -0.002 0.01)
(0.0092 -0.002 0.01)
(0.0096 -0.002 0.01)
(0.01 -0.002 0.01)
(0.0104 -0.002 0.01)
(0.0108 -0.002 0.01)
(0.0112 -0.002 0.01)
(0.0116 -0.002 0.01)
(0.012 -0.002 0.01)
(0.0124 -0.002 0.01)
(0.0128 -0.002 0.01)
(0.0132 -0.002 0.01)
(0.0136 -0.002 0.01)
(0.014 -0.002 0.01)
(0.0144 -0.002 0.01)
(0.0148 -0.002 0.01)
(0.0152 -0.002 0.01)
(0.0156 -0.002 0.01)
(0.016 -0.002 0.01)
(0.0164 -0.002 0.01)
(0.0168 -0.002 0.01)
(0.0172 -0.002 0.01)
(0.0176 -0.002 0.01)
(0.018 -0.002 0.01)
(0.0184 -0.002 0.01)
(0.0188 -0.002 0.01)
(0.0192 -0.002 0.01)
(0.0196 -0.002 0.01)
(0.02 -0.002 0.01)
(0 -0.001 0.01)
(0.0004 -0.001 0.01)
(0.0008 -0.001 0.01)
(0.0012 -0.001 0.01)
(0.0016 -0.001 0.01)
(0.002 -0.001 0.01)
(0.0024 -0.001 0.01)
(0.0028 -0.001 0.01)
(0.0032 -0.001 0.01)
(0.0036 -0.001 0.01)
(0.004 -0.001 0.01)
(0.0044 -0.001 0.01)
(0.0048 -0.001 0.01)
(0.0052 -0.001 0.01)
(0.0056 -0.001 0.01)
(0.006 -0.001 0.01)
(0.0064 -0.001 0.01)
(0.0068 -0.001 0.01)
(0.0072 -0.001 0.01)
(0.0076 -0.001 0.01)
(0.008 -0.001 0.01)
(0.0084 -0.001 0.01)
(0.0088 -0.001 0.01)
(0.0092 -0.001 0.01)
(0.0096 -0.001 0.01)
(0.01 -0.001 0.01)
(0.0104 -0.001 0.01)
(0.0108 -0.001 0.01)
(0.0112 -0.001 0.01)
(0.0116 -0.001 0.01)
(0.012 -0.001 0.01)
(0.0124 -0.001 0.01)
(0.0128 -0.001 0.01)
(0.0132 -0.001 0.01)
(0.0136 -0.001 0.01)
(0.014 -0.001 0.01)
(0.0144 -0.001 0.01)
(0.0148 -0.001 0.01)
(0.0152 -0.001 0.01)
(0.0156 -0.001 0.01)
(0.016 -0.001 0.01)
(0.0164 -0.001 0.01)
(0.0168 -0.001 0.01)
(0.0172 -0.001 0.01)
(0.0176 -0.001 0.01)
(0.018 -0.001 0.01)
(0.0184 -0.001 0.01)
(0.0188 -0.001 0.01)
(0.0192 -0.001 0.01)
(0.0196 -0.001 0.01)
(0.02 -0.001 0.01)
(0 0 0.01)
(0.0004 0 0.01)
(0.0008 0 0.01)
(0.0012 0 0.01)
(0.0016 0 0.01)
(0.002 0 0.01)
(0.0024 0 0.01)
(0.0028 0 0.01)
(0.0032 0 0.01)
(0.0036 0 0.01)
(0.004 0 0.01)
(0.0044 1.445602897e-19 0.01)
(0.0048 -1.445602897e-19 0.01)
(0.0052 0 0.01)
(0.0056 0 0.01)
(0.006 1.445602897e-19 0.01)
(0.0064 -1.445602897e-19 0.01)
(0.0068 1.445602897e-19 0.01)
(0.0072 0 0.01)
(0.0076 -1.445602897e-19 0.01)
(0.008 0 0.01)
(0.0084 0 0.01)
(0.0088 -1.445602897e-19 0.01)
(0.0092 0 0.01)
(0.0096 0 0.01)
(0.01 0 0.01)
(0.0104 0 0.01)
(0.0108 0 0.01)
(0.0112 0 0.01)
(0.0116 0 0.01)
(0.012 0 0.01)
(0.0124 -7.228014483e-20 0.01)
(0.0128 0 0.01)
(0.0132 7.228014483e-20 0.01)
(0.0136 0 0.01)
(0.014 -7.228014483e-20 0.01)
(0.0144 0 0.01)
(0.0148 7.228014483e-20 0.01)
(0.0152 -7.228014483e-20 0.01)
(0.0156 0 0.01)
(0.016 -7.228014483e-20 0.01)
(0.0164 -1.084202172e-19 0.01)
(0.0168 -7.228014483e-20 0.01)
(0.0172 0 0.01)
(0.0176 3.614007242e-20 0.01)
(0.018 1.084202172e-19 0.01)
(0.0184 -1.264902535e-19 0.01)
(0.0188 1.264902535e-19 0.01)
(0.0192 -1.174552354e-19 0.01)
(0.0196 -5.872761768e-20 0.01)
(0.02 0 0.01)
(0 0.001 0.01)
(0.0004 0.001 0.01)
(0.0008 0.001 0.01)
(0.0012 0.001 0.01)
(0.0016 0.001 0.01)
(0.002 0.001 0.01)
(0.0024 0.001 0.01)
(0.0028 0.001 0.01)
(0.0032 0.001 0.01)
(0.0036 0.001 0.01)
(0.004 0.001 0.01)
(0.0044 0.001 0.01)
(0.0048 0.001 0.01)
(0.0052 0.001 0.01)
(0.0056 0.001 0.01)
(0.006 0.001 0.01)
(0.0064 0.001 0.01)
(0.0068 0.001 0.01)
(0.0072 0.001 0.01)
(0.0076 0.001 0.01)
(0.008 0.001 0.01)
(0.0084 0.001 0.01)
(0.0088 0.001 0.01)
(0.0092 0.001 0.01)
(0.0096 0.001 0.01)
(0.01 0.001 0.01)
(0.0104 0.001 0.01)
(0.0108 0.001 0.01)
(0.0112 0.001 0.01)
(0.0116 0.001 0.01)
(0.012 0.001 0.01)
(0.0124 0.001 0.01)
(0.0128 0.001 0.01)
(0.0132 0.001 0.01)
(0.0136 0.001 0.01)
(0.014 0.001 0.01)
(0.0144 0.001 0.01)
(0.0148 0.001 0.01)
(0.0152 0.001 0.01)
(0.0156 0.001 0.01)
(0.016 0.001 0.01)
(0.0164 0.001 0.01)
(0.0168 0.001 0.01)
(0.0172 0.001 0.01)
(0.0176 0.001 0.01)
(0.018 0.001 0.01)
(0.0184 0.001 0.01)
(0.0188 0.001 0.01)
(0.0192 0.001 0.01)
(0.0196 0.001 0.01)
(0.02 0.001 0.01)
(0 0.002 0.01)
(0.0004 0.002 0.01)
(0.0008 0.002 0.01)
(0.0012 0.002 0.01)
(0.0016 0.002 0.01)
(0.002 0.002 0.01)
(0.0024 0.002 0.01)
(0.0028 0.002 0.01)
(0.0032 0.002 0.01)
(0.0036 0.002 0.01)
(0.004 0.002 0.01)
(0.0044 0.002 0.01)
(0.0048 0.002 0.01)
(0.0052 0.002 0.01)
(0.0056 0.002 0.01)
(0.006 0.002 0.01)
(0.0064 0.002 0.01)
(0.0068 0.002 0.01)
(0.0072 0.002 0.01)
(0.0076 0.002 0.01)
(0.008 0.002 0.01)
(0.0084 0.002 0.01)
(0.0088 0.002 0.01)
(0.0092 0.002 0.01)
(0.0096 0.002 0.01)
(0.01 0.002 0.01)
(0.0104 0.002 0.01)
(0.0108 0.002 0.01)
(0.0112 0.002 0.01)
(0.0116 0.002 0.01)
(0.012 0.002 0.01)
(0.0124 0.002 0.01)
(0.0128 0.002 0.01)
(0.0132 0.002 0.01)
(0.0136 0.002 0.01)
(0.014 0.002 0.01)
(0.0144 0.002 0.01)
(0.0148 0.002 0.01)
(0.0152 0.002 0.01)
(0.0156 0.002 0.01)
(0.016 0.002 0.01)
(0.0164 0.002 0.01)
(0.0168 0.002 0.01)
(0.0172 0.002 0.01)
(0.0176 0.002 0.01)
(0.018 0.002 0.01)
(0.0184 0.002 0.01)
(0.0188 0.002 0.01)
(0.0192 0.002 0.01)
(0.0196 0.002 0.01)
(0.02 0.002 0.01)
(0 0.003 0.01)
(0.0004 0.003 0.01)
(0.0008 0.003 0.01)
(0.0012 0.003 0.01)
(0.0016 0.003 0.01)
(0.002 0.003 0.01)
(0.0024 0.003 0.01)
(0.0028 0.003 0.01)
(0.0032 0.003 0.01)
(0.0036 0.003 0.01)
(0.004 0.003 0.01)
(0.0044 0.003 0.01)
(0.0048 0.003 0.01)
(0.0052 0.003 0.01)
(0.0056 0.003 0.01)
(0.006 0.003 0.01)
(0.0064 0.003 0.01)
(0.0068 0.003 0.01)
(0.0072 0.003 0.01)
(0.0076 0.003 0.01)
(0.008 0.003 0.01)
(0.0084 0.003 0.01)
(0.0088 0.003 0.01)
(0.0092 0.003 0.01)
(0.0096 0.003 0.01)
(0.01 0.003 0.01)
(0.0104 0.003 0.01)
(0.0108 0.003 0.01)
(0.0112 0.003 0.01)
(0.0116 0.003 0.01)
(0.012 0.003 0.01)
(0.0124 0.003 0.01)
(0.0128 0.003 0.01)
(0.0132 0.003 0.01)
(0.0136 0.003 0.01)
(0.014 0.003 0.01)
(0.0144 0.003 0.01)
(0.0148 0.003 0.01)
(0.0152 0.003 0.01)
(0.0156 0.003 0.01)
(0.016 0.003 0.01)
(0.0164 0.003 0.01)
(0.0168 0.003 0.01)
(0.0172 0.003 0.01)
(0.0176 0.003 0.01)
(0.018 0.003 0.01)
(0.0184 0.003 0.01)
(0.0188 0.003 0.01)
(0.0192 0.003 0.01)
(0.0196 0.003 0.01)
(0.02 0.003 0.01)
(0 0.004 0.01)
(0.0004 0.004 0.01)
(0.0008 0.004 0.01)
(0.0012 0.004 0.01)
(0.0016 0.004 0.01)
(0.002 0.004 0.01)
(0.0024 0.004 0.01)
(0.0028 0.004 0.01)
(0.0032 0.004 0.01)
(0.0036 0.004 0.01)
(0.004 0.004 0.01)
(0.0044 0.004 0.01)
(0.0048 0.004 0.01)
(0.0052 0.004 0.01)
(0.0056 0.004 0.01)
(0.006 0.004 0.01)
(0.0064 0.004 0.01)
(0.0068 0.004 0.01)
(0.0072 0.004 0.01)
(0.0076 0.004 0.01)
(0.008 0.004 0.01)
(0.0084 0.004 0.01)
(0.0088 0.004 0.01)
(0.0092 0.004 0.01)
(0.0096 0.004 0.01)
(0.01 0.004 0.01)
(0.0104 0.004 0.01)
(0.0108 0.004 0.01)
(0.0112 0.004 0.01)
(0.0116 0.004 0.01)
(0.012 0.004 0.01)
(0.0124 0.004 0.01)
(0.0128 0.004 0.01)
(0.0132 0.004 0.01)
(0.0136 0.004 0.01)
(0.014 0.004 0.01)
(0.0144 0.004 0.01)
(0.0148 0.004 0.01)
(0.0152 0.004 0.01)
(0.0156 0.004 0.01)
(0.016 0.004 0.01)
(0.0164 0.004 0.01)
(0.0168 0.004 0.01)
(0.0172 0.004 0.01)
(0.0176 0.004 0.01)
(0.018 0.004 0.01)
(0.0184 0.004 0.01)
(0.0188 0.004 0.01)
(0.0192 0.004 0.01)
(0.0196 0.004 0.01)
(0.02 0.004 0.01)
(0 0.005 0.01)
(0.0004 0.005 0.01)
(0.0008 0.005 0.01)
(0.0012 0.005 0.01)
(0.0016 0.005 0.01)
(0.002 0.005 0.01)
(0.0024 0.005 0.01)
(0.0028 0.005 0.01)
(0.0032 0.005 0.01)
(0.0036 0.005 0.01)
(0.004 0.005 0.01)
(0.0044 0.005 0.01)
(0.0048 0.005 0.01)
(0.0052 0.005 0.01)
(0.0056 0.005 0.01)
(0.006 0.005 0.01)
(0.0064 0.005 0.01)
(0.0068 0.005 0.01)
(0.0072 0.005 0.01)
(0.0076 0.005 0.01)
(0.008 0.005 0.01)
(0.0084 0.005 0.01)
(0.0088 0.005 0.01)
(0.0092 0.005 0.01)
(0.0096 0.005 0.01)
(0.01 0.005 0.01)
(0.0104 0.005 0.01)
(0.0108 0.005 0.01)
(0.0112 0.005 0.01)
(0.0116 0.005 0.01)
(0.012 0.005 0.01)
(0.0124 0.005 0.01)
(0.0128 0.005 0.01)
(0.0132 0.005 0.01)
(0.0136 0.005 0.01)
(0.014 0.005 0.01)
(0.0144 0.005 0.01)
(0.0148 0.005 0.01)
(0.0152 0.005 0.01)
(0.0156 0.005 0.01)
(0.016 0.005 0.01)
(0.0164 0.005 0.01)
(0.0168 0.005 0.01)
(0.0172 0.005 0.01)
(0.0176 0.005 0.01)
(0.018 0.005 0.01)
(0.0184 0.005 0.01)
(0.0188 0.005 0.01)
(0.0192 0.005 0.01)
(0.0196 0.005 0.01)
(0.02 0.005 0.01)
(0 0.006 0.01)
(0.0004 0.006 0.01)
(0.0008 0.006 0.01)
(0.0012 0.006 0.01)
(0.0016 0.006 0.01)
(0.002 0.006 0.01)
(0.0024 0.006 0.01)
(0.0028 0.006 0.01)
(0.0032 0.006 0.01)
(0.0036 0.006 0.01)
(0.004 0.006 0.01)
(0.0044 0.006 0.01)
(0.0048 0.006 0.01)
(0.0052 0.006 0.01)
(0.0056 0.006 0.01)
(0.006 0.006 0.01)
(0.0064 0.006 0.01)
(0.0068 0.006 0.01)
(0.0072 0.006 0.01)
(0.0076 0.006 0.01)
(0.008 0.006 0.01)
(0.0084 0.006 0.01)
(0.0088 0.006 0.01)
(0.0092 0.006 0.01)
(0.0096 0.006 0.01)
(0.01 0.006 0.01)
(0.0104 0.006 0.01)
(0.0108 0.006 0.01)
(0.0112 0.006 0.01)
(0.0116 0.006 0.01)
(0.012 0.006 0.01)
(0.0124 0.006 0.01)
(0.0128 0.006 0.01)
(0.0132 0.006 0.01)
(0.0136 0.006 0.01)
(0.014 0.006 0.01)
(0.0144 0.006 0.01)
(0.0148 0.006 0.01)
(0.0152 0.006 0.01)
(0.0156 0.006 0.01)
(0.016 0.006 0.01)
(0.0164 0.006 0.01)
(0.0168 0.006 0.01)
(0.0172 0.006 0.01)
(0.0176 0.006 0.01)
(0.018 0.006 0.01)
(0.0184 0.006 0.01)
(0.0188 0.006 0.01)
(0.0192 0.006 0.01)
(0.0196 0.006 0.01)
(0.02 0.006 0.01)
(0 0.007 0.01)
(0.0004 0.007 0.01)
(0.0008 0.007 0.01)
(0.0012 0.007 0.01)
(0.0016 0.007 0.01)
(0.002 0.007 0.01)
(0.0024 0.007 0.01)
(0.0028 0.007 0.01)
(0.0032 0.007 0.01)
(0.0036 0.007 0.01)
(0.004 0.007 0.01)
(0.0044 0.007 0.01)
(0.0048 0.007 0.01)
(0.0052 0.007 0.01)
(0.0056 0.007 0.01)
(0.006 0.007 0.01)
(0.0064 0.007 0.01)
(0.0068 0.007 0.01)
(0.0072 0.007 0.01)
(0.0076 0.007 0.01)
(0.008 0.007 0.01)
(0.0084 0.007 0.01)
(0.0088 0.007 0.01)
(0.0092 0.007 0.01)
(0.0096 0.007 0.01)
(0.01 0.007 0.01)
(0.0104 0.007 0.01)
(0.0108 0.007 0.01)
(0.0112 0.007 0.01)
(0.0116 0.007 0.01)
(0.012 0.007 0.01)
(0.0124 0.007 0.01)
(0.0128 0.007 0.01)
(0.0132 0.007 0.01)
(0.0136 0.007 0.01)
(0.014 0.007 0.01)
(0.0144 0.007 0.01)
(0.0148 0.007 0.01)
(0.0152 0.007 0.01)
(0.0156 0.007 0.01)
(0.016 0.007 0.01)
(0.0164 0.007 0.01)
(0.0168 0.007 0.01)
(0.0172 0.007 0.01)
(0.0176 0.007 0.01)
(0.018 0.007 0.01)
(0.0184 0.007 0.01)
(0.0188 0.007 0.01)
(0.0192 0.007 0.01)
(0.0196 0.007 0.01)
(0.02 0.007 0.01)
(0 0.008 0.01)
(0.0004 0.008 0.01)
(0.0008 0.008 0.01)
(0.0012 0.008 0.01)
(0.0016 0.008 0.01)
(0.002 0.008 0.01)
(0.0024 0.008 0.01)
(0.0028 0.008 0.01)
(0.0032 0.008 0.01)
(0.0036 0.008 0.01)
(0.004 0.008 0.01)
(0.0044 0.008 0.01)
(0.0048 0.008 0.01)
(0.0052 0.008 0.01)
(0.0056 0.008 0.01)
(0.006 0.008 0.01)
(0.0064 0.008 0.01)
(0.0068 0.008 0.01)
(0.0072 0.008 0.01)
(0.0076 0.008 0.01)
(0.008 0.008 0.01)
(0.0084 0.008 0.01)
(0.0088 0.008 0.01)
(0.0092 0.008 0.01)
(0.0096 0.008 0.01)
(0.01 0.008 0.01)
(0.0104 0.008 0.01)
(0.0108 0.008 0.01)
(0.0112 0.008 0.01)
(0.0116 0.008 0.01)
(0.012 0.008 0.01)
(0.0124 0.008 0.01)
(0.0128 0.008 0.01)
(0.0132 0.008 0.01)
(0.0136 0.008 0.01)
(0.014 0.008 0.01)
(0.0144 0.008 0.01)
(0.0148 0.008 0.01)
(0.0152 0.008 0.01)
(0.0156 0.008 0.01)
(0.016 0.008 0.01)
(0.0164 0.008 0.01)
(0.0168 0.008 0.01)
(0.0172 0.008 0.01)
(0.0176 0.008 0.01)
(0.018 0.008 0.01)
(0.0184 0.008 0.01)
(0.0188 0.008 0.01)
(0.0192 0.008 0.01)
(0.0196 0.008 0.01)
(0.02 0.008 0.01)
(0 0.009 0.01)
(0.0004 0.009 0.01)
(0.0008 0.009 0.01)
(0.0012 0.009 0.01)
(0.0016 0.009 0.01)
(0.002 0.009 0.01)
(0.0024 0.009 0.01)
(0.0028 0.009 0.01)
(0.0032 0.009 0.01)
(0.0036 0.009 0.01)
(0.004 0.009 0.01)
(0.0044 0.009 0.01)
(0.0048 0.009 0.01)
(0.0052 0.009 0.01)
(0.0056 0.009 0.01)
(0.006 0.009 0.01)
(0.0064 0.009 0.01)
(0.0068 0.009 0.01)
(0.0072 0.009 0.01)
(0.0076 0.009 0.01)
(0.008 0.009 0.01)
(0.0084 0.009 0.01)
(0.0088 0.009 0.01)
(0.0092 0.009 0.01)
(0.0096 0.009 0.01)
(0.01 0.009 0.01)
(0.0104 0.009 0.01)
(0.0108 0.009 0.01)
(0.0112 0.009 0.01)
(0.0116 0.009 0.01)
(0.012 0.009 0.01)
(0.0124 0.009 0.01)
(0.0128 0.009 0.01)
(0.0132 0.009 0.01)
(0.0136 0.009 0.01)
(0.014 0.009 0.01)
(0.0144 0.009 0.01)
(0.0148 0.009 0.01)
(0.0152 0.009 0.01)
(0.0156 0.009 0.01)
(0.016 0.009 0.01)
(0.0164 0.009 0.01)
(0.0168 0.009 0.01)
(0.0172 0.009 0.01)
(0.0176 0.009 0.01)
(0.018 0.009 0.01)
(0.0184 0.009 0.01)
(0.0188 0.009 0.01)
(0.0192 0.009 0.01)
(0.0196 0.009 0.01)
(0.02 0.009 0.01)
(0 0.01 0.01)
(0.0004 0.01 0.01)
(0.0008 0.01 0.01)
(0.0012 0.01 0.01)
(0.0016 0.01 0.01)
(0.002 0.01 0.01)
(0.0024 0.01 0.01)
(0.0028 0.01 0.01)
(0.0032 0.01 0.01)
(0.0036 0.01 0.01)
(0.004 0.01 0.01)
(0.0044 0.01 0.01)
(0.0048 0.01 0.01)
(0.0052 0.01 0.01)
(0.0056 0.01 0.01)
(0.006 0.01 0.01)
(0.0064 0.01 0.01)
(0.0068 0.01 0.01)
(0.0072 0.01 0.01)
(0.0076 0.01 0.01)
(0.008 0.01 0.01)
(0.0084 0.01 0.01)
(0.0088 0.01 0.01)
(0.0092 0.01 0.01)
(0.0096 0.01 0.01)
(0.01 0.01 0.01)
(0.0104 0.01 0.01)
(0.0108 0.01 0.01)
(0.0112 0.01 0.01)
(0.0116 0.01 0.01)
(0.012 0.01 0.01)
(0.0124 0.01 0.01)
(0.0128 0.01 0.01)
(0.0132 0.01 0.01)
(0.0136 0.01 0.01)
(0.014 0.01 0.01)
(0.0144 0.01 0.01)
(0.0148 0.01 0.01)
(0.0152 0.01 0.01)
(0.0156 0.01 0.01)
(0.016 0.01 0.01)
(0.0164 0.01 0.01)
(0.0168 0.01 0.01)
(0.0172 0.01 0.01)
(0.0176 0.01 0.01)
(0.018 0.01 0.01)
(0.0184 0.01 0.01)
(0.0188 0.01 0.01)
(0.0192 0.01 0.01)
(0.0196 0.01 0.01)
(0.02 0.01 0.01)
)


// ************************************************************************* //
