/*--------------------------------*- C++ -*----------------------------------*\
  =========                 |
  \\      /  F ield         | OpenFOAM: The Open Source CFD Toolbox
   \\    /   O peration     | Website:  https://openfoam.org
    \\  /    A nd           | Version:  6
     \\/     M anipulation  |
\*---------------------------------------------------------------------------*/
FoamFile
{
    version     2.0;
    format      ascii;
    class       labelList;
    location    "constant/polyMesh";
    object      faceProcAddressing;
}
// * * * * * * * * * * * * * * * * * * * * * * * * * * * * * * * * * * * * * //


2060
(
101
102
103
104
105
106
107
108
109
110
111
112
113
114
115
116
117
118
119
120
121
122
123
124
125
126
127
128
129
130
131
132
133
134
135
136
137
138
139
140
141
142
143
144
145
146
147
148
149
150
151
152
153
154
155
156
157
158
159
160
161
162
163
164
165
166
167
168
169
170
171
172
173
174
175
176
177
178
179
180
181
182
183
184
185
186
187
188
189
190
191
192
193
194
195
196
197
198
199
300
301
302
303
304
305
306
307
308
309
310
311
312
313
314
315
316
317
318
319
320
321
322
323
324
325
326
327
328
329
330
331
332
333
334
335
336
337
338
339
340
341
342
343
344
345
346
347
348
349
350
351
352
353
354
355
356
357
358
359
360
361
362
363
364
365
366
367
368
369
370
371
372
373
374
375
376
377
378
379
380
381
382
383
384
385
386
387
388
389
390
391
392
393
394
395
396
397
398
499
500
501
502
503
504
505
506
507
508
509
510
511
512
513
514
515
516
517
518
519
520
521
522
523
524
525
526
527
528
529
530
531
532
533
534
535
536
537
538
539
540
541
542
543
544
545
546
547
548
549
550
551
552
553
554
555
556
557
558
559
560
561
562
563
564
565
566
567
568
569
570
571
572
573
574
575
576
577
578
579
580
581
582
583
584
585
586
587
588
589
590
591
592
593
594
595
596
597
698
699
700
701
702
703
704
705
706
707
708
709
710
711
712
713
714
715
716
717
718
719
720
721
722
723
724
725
726
727
728
729
730
731
732
733
734
735
736
737
738
739
740
741
742
743
744
745
746
747
748
749
750
751
752
753
754
755
756
757
758
759
760
761
762
763
764
765
766
767
768
769
770
771
772
773
774
775
776
777
778
779
780
781
782
783
784
785
786
787
788
789
790
791
792
793
794
795
796
897
898
899
900
901
902
903
904
905
906
907
908
909
910
911
912
913
914
915
916
917
918
919
920
921
922
923
924
925
926
927
928
929
930
931
932
933
934
935
936
937
938
939
940
941
942
943
944
945
946
947
948
949
950
951
952
953
954
955
956
957
958
959
960
961
962
963
964
965
966
967
968
969
970
971
972
973
974
975
976
977
978
979
980
981
982
983
984
985
986
987
988
989
990
991
992
993
994
995
1096
1097
1098
1099
1100
1101
1102
1103
1104
1105
1106
1107
1108
1109
1110
1111
1112
1113
1114
1115
1116
1117
1118
1119
1120
1121
1122
1123
1124
1125
1126
1127
1128
1129
1130
1131
1132
1133
1134
1135
1136
1137
1138
1139
1140
1141
1142
1143
1144
1145
1146
1147
1148
1149
1150
1151
1152
1153
1154
1155
1156
1157
1158
1159
1160
1161
1162
1163
1164
1165
1166
1167
1168
1169
1170
1171
1172
1173
1174
1175
1176
1177
1178
1179
1180
1181
1182
1183
1184
1185
1186
1187
1188
1189
1190
1191
1192
1193
1194
1295
1296
1297
1298
1299
1300
1301
1302
1303
1304
1305
1306
1307
1308
1309
1310
1311
1312
1313
1314
1315
1316
1317
1318
1319
1320
1321
1322
1323
1324
1325
1326
1327
1328
1329
1330
1331
1332
1333
1334
1335
1336
1337
1338
1339
1340
1341
1342
1343
1344
1345
1346
1347
1348
1349
1350
1351
1352
1353
1354
1355
1356
1357
1358
1359
1360
1361
1362
1363
1364
1365
1366
1367
1368
1369
1370
1371
1372
1373
1374
1375
1376
1377
1378
1379
1380
1381
1382
1383
1384
1385
1386
1387
1388
1389
1390
1391
1392
1393
1494
1495
1496
1497
1498
1499
1500
1501
1502
1503
1504
1505
1506
1507
1508
1509
1510
1511
1512
1513
1514
1515
1516
1517
1518
1519
1520
1521
1522
1523
1524
1525
1526
1527
1528
1529
1530
1531
1532
1533
1534
1535
1536
1537
1538
1539
1540
1541
1542
1543
1544
1545
1546
1547
1548
1549
1550
1551
1552
1553
1554
1555
1556
1557
1558
1559
1560
1561
1562
1563
1564
1565
1566
1567
1568
1569
1570
1571
1572
1573
1574
1575
1576
1577
1578
1579
1580
1581
1582
1583
1584
1585
1586
1587
1588
1589
1590
1591
1592
1693
1694
1695
1696
1697
1698
1699
1700
1701
1702
1703
1704
1705
1706
1707
1708
1709
1710
1711
1712
1713
1714
1715
1716
1717
1718
1719
1720
1721
1722
1723
1724
1725
1726
1727
1728
1729
1730
1731
1732
1733
1734
1735
1736
1737
1738
1739
1740
1741
1742
1743
1744
1745
1746
1747
1748
1749
1750
1751
1752
1753
1754
1755
1756
1757
1758
1759
1760
1761
1762
1763
1764
1765
1766
1767
1768
1769
1770
1771
1772
1773
1774
1775
1776
1777
1778
1779
1780
1781
1782
1783
1784
1785
1786
1787
1788
1789
1790
1791
1892
1894
1896
1898
1900
1902
1904
1906
1908
1910
1912
1914
1916
1918
1920
1922
1924
1926
1928
1930
1932
1934
1936
1938
1940
1942
1944
1946
1948
1950
1952
1954
1956
1958
1960
1962
1964
1966
1968
1970
1972
1974
1976
1978
1980
1982
1984
1986
1988
7901
7902
7903
7904
7905
7906
7907
7908
7909
7910
7991
7992
7993
7994
7995
7996
7997
7998
7999
8000
8001
8002
8003
8004
8005
8006
8007
8008
8009
8010
8011
8012
8013
8014
8015
8016
8017
8018
8019
8020
8021
8022
8023
8024
8025
8026
8027
8028
8029
8030
8031
8032
8033
8034
8035
8036
8037
8038
8039
8040
10141
10142
10143
10144
10145
10146
10147
10148
10149
10150
10181
10182
10183
10184
10185
10186
10187
10188
10189
10190
10221
10222
10223
10224
10225
10226
10227
10228
10229
10230
10261
10262
10263
10264
10265
10266
10267
10268
10269
10270
10301
10302
10303
10304
10305
10306
10307
10308
10309
10310
10341
10342
10343
10344
10345
10346
10347
10348
10349
10350
10381
10382
10383
10384
10385
10386
10387
10388
10389
10390
10421
10422
10423
10424
10425
10426
10427
10428
10429
10430
10461
10462
10463
10464
10465
10466
10467
10468
10469
10470
10501
10502
10503
10504
10505
10506
10507
10508
10509
10510
10541
10542
10543
10544
10545
10546
10547
10548
10549
10550
10581
10582
10583
10584
10585
10586
10587
10588
10589
10590
10621
10622
10623
10624
10625
10626
10627
10628
10629
10630
10661
10662
10663
10664
10665
10666
10667
10668
10669
10670
10701
10702
10703
10704
10705
10706
10707
10708
10709
10710
10741
10742
10743
10744
10745
10746
10747
10748
10749
10750
10781
10782
10783
10784
10785
10786
10787
10788
10789
10790
10821
10822
10823
10824
10825
10826
10827
10828
10829
10830
10861
10862
10863
10864
10865
10866
10867
10868
10869
10870
10901
10902
10903
10904
10905
10906
10907
10908
10909
10910
10941
10942
10943
10944
10945
10946
10947
10948
10949
10950
10981
10982
10983
10984
10985
10986
10987
10988
10989
10990
11021
11022
11023
11024
11025
11026
11027
11028
11029
11030
11061
11062
11063
11064
11065
11066
11067
11068
11069
11070
11101
11102
11103
11104
11105
11106
11107
11108
11109
11110
11141
11142
11143
11144
11145
11146
11147
11148
11149
11150
11181
11182
11183
11184
11185
11186
11187
11188
11189
11190
11221
11222
11223
11224
11225
11226
11227
11228
11229
11230
11261
11262
11263
11264
11265
11266
11267
11268
11269
11270
11301
11302
11303
11304
11305
11306
11307
11308
11309
11310
11341
11342
11343
11344
11345
11346
11347
11348
11349
11350
11381
11382
11383
11384
11385
11386
11387
11388
11389
11390
11421
11422
11423
11424
11425
11426
11427
11428
11429
11430
11461
11462
11463
11464
11465
11466
11467
11468
11469
11470
11501
11502
11503
11504
11505
11506
11507
11508
11509
11510
11541
11542
11543
11544
11545
11546
11547
11548
11549
11550
11581
11582
11583
11584
11585
11586
11587
11588
11589
11590
11621
11622
11623
11624
11625
11626
11627
11628
11629
11630
11661
11662
11663
11664
11665
11666
11667
11668
11669
11670
11701
11702
11703
11704
11705
11706
11707
11708
11709
11710
11741
11742
11743
11744
11745
11746
11747
11748
11749
11750
11781
11782
11783
11784
11785
11786
11787
11788
11789
11790
11821
11822
11823
11824
11825
11826
11827
11828
11829
11830
11861
11862
11863
11864
11865
11866
11867
11868
11869
11870
11901
11902
11903
11904
11905
11906
11907
11908
11909
11910
11941
11942
11943
11944
11945
11946
11947
11948
11949
11950
11981
11982
11983
11984
11985
11986
11987
11988
11989
11990
12021
12022
12023
12024
12025
12026
12027
12028
12029
12030
12061
12062
12063
12064
12065
12066
12067
12068
12069
12070
12101
12102
12103
12104
12105
12106
12107
12108
12109
12110
14141
14142
14143
14144
14145
14146
14147
14148
14149
14150
14181
14182
14183
14184
14185
14186
14187
14188
14189
14190
14221
14222
14223
14224
14225
14226
14227
14228
14229
14230
14261
14262
14263
14264
14265
14266
14267
14268
14269
14270
14301
14302
14303
14304
14305
14306
14307
14308
14309
14310
14341
14342
14343
14344
14345
14346
14347
14348
14349
14350
14381
14382
14383
14384
14385
14386
14387
14388
14389
14390
14421
14422
14423
14424
14425
14426
14427
14428
14429
14430
14461
14462
14463
14464
14465
14466
14467
14468
14469
14470
14501
14502
14503
14504
14505
14506
14507
14508
14509
14510
14541
14542
14543
14544
14545
14546
14547
14548
14549
14550
14581
14582
14583
14584
14585
14586
14587
14588
14589
14590
14621
14622
14623
14624
14625
14626
14627
14628
14629
14630
14661
14662
14663
14664
14665
14666
14667
14668
14669
14670
14701
14702
14703
14704
14705
14706
14707
14708
14709
14710
14741
14742
14743
14744
14745
14746
14747
14748
14749
14750
14781
14782
14783
14784
14785
14786
14787
14788
14789
14790
14821
14822
14823
14824
14825
14826
14827
14828
14829
14830
14861
14862
14863
14864
14865
14866
14867
14868
14869
14870
14901
14902
14903
14904
14905
14906
14907
14908
14909
14910
14941
14942
14943
14944
14945
14946
14947
14948
14949
14950
14981
14982
14983
14984
14985
14986
14987
14988
14989
14990
15021
15022
15023
15024
15025
15026
15027
15028
15029
15030
15061
15062
15063
15064
15065
15066
15067
15068
15069
15070
15101
15102
15103
15104
15105
15106
15107
15108
15109
15110
15141
15142
15143
15144
15145
15146
15147
15148
15149
15150
15181
15182
15183
15184
15185
15186
15187
15188
15189
15190
15221
15222
15223
15224
15225
15226
15227
15228
15229
15230
15261
15262
15263
15264
15265
15266
15267
15268
15269
15270
15301
15302
15303
15304
15305
15306
15307
15308
15309
15310
15341
15342
15343
15344
15345
15346
15347
15348
15349
15350
15381
15382
15383
15384
15385
15386
15387
15388
15389
15390
15421
15422
15423
15424
15425
15426
15427
15428
15429
15430
15461
15462
15463
15464
15465
15466
15467
15468
15469
15470
15501
15502
15503
15504
15505
15506
15507
15508
15509
15510
15541
15542
15543
15544
15545
15546
15547
15548
15549
15550
15581
15582
15583
15584
15585
15586
15587
15588
15589
15590
15621
15622
15623
15624
15625
15626
15627
15628
15629
15630
15661
15662
15663
15664
15665
15666
15667
15668
15669
15670
15701
15702
15703
15704
15705
15706
15707
15708
15709
15710
15741
15742
15743
15744
15745
15746
15747
15748
15749
15750
15781
15782
15783
15784
15785
15786
15787
15788
15789
15790
15821
15822
15823
15824
15825
15826
15827
15828
15829
15830
15861
15862
15863
15864
15865
15866
15867
15868
15869
15870
15901
15902
15903
15904
15905
15906
15907
15908
15909
15910
15941
15942
15943
15944
15945
15946
15947
15948
15949
15950
15981
15982
15983
15984
15985
15986
15987
15988
15989
15990
16021
16022
16023
16024
16025
16026
16027
16028
16029
16030
16061
16062
16063
16064
16065
16066
16067
16068
16069
16070
16101
16102
16103
16104
16105
16106
16107
16108
16109
16110
-99
-298
-497
-696
-895
-1094
-1293
-1492
-1691
-1890
1893
1895
1897
1899
1901
1903
1905
1907
1909
1911
1913
1915
1917
1919
1921
1923
1925
1927
1929
1931
1933
1935
1937
1939
1941
1943
1945
1947
1949
1951
1953
1955
1957
1959
1961
1963
1965
1967
1969
1971
1973
1975
1977
1979
1981
1983
1985
1987
1989
1990
)


// ************************************************************************* //
