/*--------------------------------*- C++ -*----------------------------------*\
  =========                 |
  \\      /  F ield         | OpenFOAM: The Open Source CFD Toolbox
   \\    /   O peration     | Website:  https://openfoam.org
    \\  /    A nd           | Version:  6
     \\/     M anipulation  |
\*---------------------------------------------------------------------------*/
FoamFile
{
    version     2.0;
    format      ascii;
    class       faceList;
    location    "constant/polyMesh";
    object      faces;
}
// * * * * * * * * * * * * * * * * * * * * * * * * * * * * * * * * * * * * * //


2060
(
4(1 52 613 562)
4(51 612 613 52)
4(2 53 614 563)
4(52 613 614 53)
4(3 54 615 564)
4(53 614 615 54)
4(4 55 616 565)
4(54 615 616 55)
4(5 56 617 566)
4(55 616 617 56)
4(6 57 618 567)
4(56 617 618 57)
4(7 58 619 568)
4(57 618 619 58)
4(8 59 620 569)
4(58 619 620 59)
4(9 60 621 570)
4(59 620 621 60)
4(10 61 622 571)
4(60 621 622 61)
4(11 62 623 572)
4(61 622 623 62)
4(12 63 624 573)
4(62 623 624 63)
4(13 64 625 574)
4(63 624 625 64)
4(14 65 626 575)
4(64 625 626 65)
4(15 66 627 576)
4(65 626 627 66)
4(16 67 628 577)
4(66 627 628 67)
4(17 68 629 578)
4(67 628 629 68)
4(18 69 630 579)
4(68 629 630 69)
4(19 70 631 580)
4(69 630 631 70)
4(20 71 632 581)
4(70 631 632 71)
4(21 72 633 582)
4(71 632 633 72)
4(22 73 634 583)
4(72 633 634 73)
4(23 74 635 584)
4(73 634 635 74)
4(24 75 636 585)
4(74 635 636 75)
4(25 76 637 586)
4(75 636 637 76)
4(26 77 638 587)
4(76 637 638 77)
4(27 78 639 588)
4(77 638 639 78)
4(28 79 640 589)
4(78 639 640 79)
4(29 80 641 590)
4(79 640 641 80)
4(30 81 642 591)
4(80 641 642 81)
4(31 82 643 592)
4(81 642 643 82)
4(32 83 644 593)
4(82 643 644 83)
4(33 84 645 594)
4(83 644 645 84)
4(34 85 646 595)
4(84 645 646 85)
4(35 86 647 596)
4(85 646 647 86)
4(36 87 648 597)
4(86 647 648 87)
4(37 88 649 598)
4(87 648 649 88)
4(38 89 650 599)
4(88 649 650 89)
4(39 90 651 600)
4(89 650 651 90)
4(40 91 652 601)
4(90 651 652 91)
4(41 92 653 602)
4(91 652 653 92)
4(42 93 654 603)
4(92 653 654 93)
4(43 94 655 604)
4(93 654 655 94)
4(44 95 656 605)
4(94 655 656 95)
4(45 96 657 606)
4(95 656 657 96)
4(46 97 658 607)
4(96 657 658 97)
4(47 98 659 608)
4(97 658 659 98)
4(48 99 660 609)
4(98 659 660 99)
4(49 100 661 610)
4(99 660 661 100)
4(100 661 662 101)
4(52 103 664 613)
4(102 663 664 103)
4(53 104 665 614)
4(103 664 665 104)
4(54 105 666 615)
4(104 665 666 105)
4(55 106 667 616)
4(105 666 667 106)
4(56 107 668 617)
4(106 667 668 107)
4(57 108 669 618)
4(107 668 669 108)
4(58 109 670 619)
4(108 669 670 109)
4(59 110 671 620)
4(109 670 671 110)
4(60 111 672 621)
4(110 671 672 111)
4(61 112 673 622)
4(111 672 673 112)
4(62 113 674 623)
4(112 673 674 113)
4(63 114 675 624)
4(113 674 675 114)
4(64 115 676 625)
4(114 675 676 115)
4(65 116 677 626)
4(115 676 677 116)
4(66 117 678 627)
4(116 677 678 117)
4(67 118 679 628)
4(117 678 679 118)
4(68 119 680 629)
4(118 679 680 119)
4(69 120 681 630)
4(119 680 681 120)
4(70 121 682 631)
4(120 681 682 121)
4(71 122 683 632)
4(121 682 683 122)
4(72 123 684 633)
4(122 683 684 123)
4(73 124 685 634)
4(123 684 685 124)
4(74 125 686 635)
4(124 685 686 125)
4(75 126 687 636)
4(125 686 687 126)
4(76 127 688 637)
4(126 687 688 127)
4(77 128 689 638)
4(127 688 689 128)
4(78 129 690 639)
4(128 689 690 129)
4(79 130 691 640)
4(129 690 691 130)
4(80 131 692 641)
4(130 691 692 131)
4(81 132 693 642)
4(131 692 693 132)
4(82 133 694 643)
4(132 693 694 133)
4(83 134 695 644)
4(133 694 695 134)
4(84 135 696 645)
4(134 695 696 135)
4(85 136 697 646)
4(135 696 697 136)
4(86 137 698 647)
4(136 697 698 137)
4(87 138 699 648)
4(137 698 699 138)
4(88 139 700 649)
4(138 699 700 139)
4(89 140 701 650)
4(139 700 701 140)
4(90 141 702 651)
4(140 701 702 141)
4(91 142 703 652)
4(141 702 703 142)
4(92 143 704 653)
4(142 703 704 143)
4(93 144 705 654)
4(143 704 705 144)
4(94 145 706 655)
4(144 705 706 145)
4(95 146 707 656)
4(145 706 707 146)
4(96 147 708 657)
4(146 707 708 147)
4(97 148 709 658)
4(147 708 709 148)
4(98 149 710 659)
4(148 709 710 149)
4(99 150 711 660)
4(149 710 711 150)
4(100 151 712 661)
4(150 711 712 151)
4(151 712 713 152)
4(103 154 715 664)
4(153 714 715 154)
4(104 155 716 665)
4(154 715 716 155)
4(105 156 717 666)
4(155 716 717 156)
4(106 157 718 667)
4(156 717 718 157)
4(107 158 719 668)
4(157 718 719 158)
4(108 159 720 669)
4(158 719 720 159)
4(109 160 721 670)
4(159 720 721 160)
4(110 161 722 671)
4(160 721 722 161)
4(111 162 723 672)
4(161 722 723 162)
4(112 163 724 673)
4(162 723 724 163)
4(113 164 725 674)
4(163 724 725 164)
4(114 165 726 675)
4(164 725 726 165)
4(115 166 727 676)
4(165 726 727 166)
4(116 167 728 677)
4(166 727 728 167)
4(117 168 729 678)
4(167 728 729 168)
4(118 169 730 679)
4(168 729 730 169)
4(119 170 731 680)
4(169 730 731 170)
4(120 171 732 681)
4(170 731 732 171)
4(121 172 733 682)
4(171 732 733 172)
4(122 173 734 683)
4(172 733 734 173)
4(123 174 735 684)
4(173 734 735 174)
4(124 175 736 685)
4(174 735 736 175)
4(125 176 737 686)
4(175 736 737 176)
4(126 177 738 687)
4(176 737 738 177)
4(127 178 739 688)
4(177 738 739 178)
4(128 179 740 689)
4(178 739 740 179)
4(129 180 741 690)
4(179 740 741 180)
4(130 181 742 691)
4(180 741 742 181)
4(131 182 743 692)
4(181 742 743 182)
4(132 183 744 693)
4(182 743 744 183)
4(133 184 745 694)
4(183 744 745 184)
4(134 185 746 695)
4(184 745 746 185)
4(135 186 747 696)
4(185 746 747 186)
4(136 187 748 697)
4(186 747 748 187)
4(137 188 749 698)
4(187 748 749 188)
4(138 189 750 699)
4(188 749 750 189)
4(139 190 751 700)
4(189 750 751 190)
4(140 191 752 701)
4(190 751 752 191)
4(141 192 753 702)
4(191 752 753 192)
4(142 193 754 703)
4(192 753 754 193)
4(143 194 755 704)
4(193 754 755 194)
4(144 195 756 705)
4(194 755 756 195)
4(145 196 757 706)
4(195 756 757 196)
4(146 197 758 707)
4(196 757 758 197)
4(147 198 759 708)
4(197 758 759 198)
4(148 199 760 709)
4(198 759 760 199)
4(149 200 761 710)
4(199 760 761 200)
4(150 201 762 711)
4(200 761 762 201)
4(151 202 763 712)
4(201 762 763 202)
4(202 763 764 203)
4(154 205 766 715)
4(204 765 766 205)
4(155 206 767 716)
4(205 766 767 206)
4(156 207 768 717)
4(206 767 768 207)
4(157 208 769 718)
4(207 768 769 208)
4(158 209 770 719)
4(208 769 770 209)
4(159 210 771 720)
4(209 770 771 210)
4(160 211 772 721)
4(210 771 772 211)
4(161 212 773 722)
4(211 772 773 212)
4(162 213 774 723)
4(212 773 774 213)
4(163 214 775 724)
4(213 774 775 214)
4(164 215 776 725)
4(214 775 776 215)
4(165 216 777 726)
4(215 776 777 216)
4(166 217 778 727)
4(216 777 778 217)
4(167 218 779 728)
4(217 778 779 218)
4(168 219 780 729)
4(218 779 780 219)
4(169 220 781 730)
4(219 780 781 220)
4(170 221 782 731)
4(220 781 782 221)
4(171 222 783 732)
4(221 782 783 222)
4(172 223 784 733)
4(222 783 784 223)
4(173 224 785 734)
4(223 784 785 224)
4(174 225 786 735)
4(224 785 786 225)
4(175 226 787 736)
4(225 786 787 226)
4(176 227 788 737)
4(226 787 788 227)
4(177 228 789 738)
4(227 788 789 228)
4(178 229 790 739)
4(228 789 790 229)
4(179 230 791 740)
4(229 790 791 230)
4(180 231 792 741)
4(230 791 792 231)
4(181 232 793 742)
4(231 792 793 232)
4(182 233 794 743)
4(232 793 794 233)
4(183 234 795 744)
4(233 794 795 234)
4(184 235 796 745)
4(234 795 796 235)
4(185 236 797 746)
4(235 796 797 236)
4(186 237 798 747)
4(236 797 798 237)
4(187 238 799 748)
4(237 798 799 238)
4(188 239 800 749)
4(238 799 800 239)
4(189 240 801 750)
4(239 800 801 240)
4(190 241 802 751)
4(240 801 802 241)
4(191 242 803 752)
4(241 802 803 242)
4(192 243 804 753)
4(242 803 804 243)
4(193 244 805 754)
4(243 804 805 244)
4(194 245 806 755)
4(244 805 806 245)
4(195 246 807 756)
4(245 806 807 246)
4(196 247 808 757)
4(246 807 808 247)
4(197 248 809 758)
4(247 808 809 248)
4(198 249 810 759)
4(248 809 810 249)
4(199 250 811 760)
4(249 810 811 250)
4(200 251 812 761)
4(250 811 812 251)
4(201 252 813 762)
4(251 812 813 252)
4(202 253 814 763)
4(252 813 814 253)
4(253 814 815 254)
4(205 256 817 766)
4(255 816 817 256)
4(206 257 818 767)
4(256 817 818 257)
4(207 258 819 768)
4(257 818 819 258)
4(208 259 820 769)
4(258 819 820 259)
4(209 260 821 770)
4(259 820 821 260)
4(210 261 822 771)
4(260 821 822 261)
4(211 262 823 772)
4(261 822 823 262)
4(212 263 824 773)
4(262 823 824 263)
4(213 264 825 774)
4(263 824 825 264)
4(214 265 826 775)
4(264 825 826 265)
4(215 266 827 776)
4(265 826 827 266)
4(216 267 828 777)
4(266 827 828 267)
4(217 268 829 778)
4(267 828 829 268)
4(218 269 830 779)
4(268 829 830 269)
4(219 270 831 780)
4(269 830 831 270)
4(220 271 832 781)
4(270 831 832 271)
4(221 272 833 782)
4(271 832 833 272)
4(222 273 834 783)
4(272 833 834 273)
4(223 274 835 784)
4(273 834 835 274)
4(224 275 836 785)
4(274 835 836 275)
4(225 276 837 786)
4(275 836 837 276)
4(226 277 838 787)
4(276 837 838 277)
4(227 278 839 788)
4(277 838 839 278)
4(228 279 840 789)
4(278 839 840 279)
4(229 280 841 790)
4(279 840 841 280)
4(230 281 842 791)
4(280 841 842 281)
4(231 282 843 792)
4(281 842 843 282)
4(232 283 844 793)
4(282 843 844 283)
4(233 284 845 794)
4(283 844 845 284)
4(234 285 846 795)
4(284 845 846 285)
4(235 286 847 796)
4(285 846 847 286)
4(236 287 848 797)
4(286 847 848 287)
4(237 288 849 798)
4(287 848 849 288)
4(238 289 850 799)
4(288 849 850 289)
4(239 290 851 800)
4(289 850 851 290)
4(240 291 852 801)
4(290 851 852 291)
4(241 292 853 802)
4(291 852 853 292)
4(242 293 854 803)
4(292 853 854 293)
4(243 294 855 804)
4(293 854 855 294)
4(244 295 856 805)
4(294 855 856 295)
4(245 296 857 806)
4(295 856 857 296)
4(246 297 858 807)
4(296 857 858 297)
4(247 298 859 808)
4(297 858 859 298)
4(248 299 860 809)
4(298 859 860 299)
4(249 300 861 810)
4(299 860 861 300)
4(250 301 862 811)
4(300 861 862 301)
4(251 302 863 812)
4(301 862 863 302)
4(252 303 864 813)
4(302 863 864 303)
4(253 304 865 814)
4(303 864 865 304)
4(304 865 866 305)
4(256 307 868 817)
4(306 867 868 307)
4(257 308 869 818)
4(307 868 869 308)
4(258 309 870 819)
4(308 869 870 309)
4(259 310 871 820)
4(309 870 871 310)
4(260 311 872 821)
4(310 871 872 311)
4(261 312 873 822)
4(311 872 873 312)
4(262 313 874 823)
4(312 873 874 313)
4(263 314 875 824)
4(313 874 875 314)
4(264 315 876 825)
4(314 875 876 315)
4(265 316 877 826)
4(315 876 877 316)
4(266 317 878 827)
4(316 877 878 317)
4(267 318 879 828)
4(317 878 879 318)
4(268 319 880 829)
4(318 879 880 319)
4(269 320 881 830)
4(319 880 881 320)
4(270 321 882 831)
4(320 881 882 321)
4(271 322 883 832)
4(321 882 883 322)
4(272 323 884 833)
4(322 883 884 323)
4(273 324 885 834)
4(323 884 885 324)
4(274 325 886 835)
4(324 885 886 325)
4(275 326 887 836)
4(325 886 887 326)
4(276 327 888 837)
4(326 887 888 327)
4(277 328 889 838)
4(327 888 889 328)
4(278 329 890 839)
4(328 889 890 329)
4(279 330 891 840)
4(329 890 891 330)
4(280 331 892 841)
4(330 891 892 331)
4(281 332 893 842)
4(331 892 893 332)
4(282 333 894 843)
4(332 893 894 333)
4(283 334 895 844)
4(333 894 895 334)
4(284 335 896 845)
4(334 895 896 335)
4(285 336 897 846)
4(335 896 897 336)
4(286 337 898 847)
4(336 897 898 337)
4(287 338 899 848)
4(337 898 899 338)
4(288 339 900 849)
4(338 899 900 339)
4(289 340 901 850)
4(339 900 901 340)
4(290 341 902 851)
4(340 901 902 341)
4(291 342 903 852)
4(341 902 903 342)
4(292 343 904 853)
4(342 903 904 343)
4(293 344 905 854)
4(343 904 905 344)
4(294 345 906 855)
4(344 905 906 345)
4(295 346 907 856)
4(345 906 907 346)
4(296 347 908 857)
4(346 907 908 347)
4(297 348 909 858)
4(347 908 909 348)
4(298 349 910 859)
4(348 909 910 349)
4(299 350 911 860)
4(349 910 911 350)
4(300 351 912 861)
4(350 911 912 351)
4(301 352 913 862)
4(351 912 913 352)
4(302 353 914 863)
4(352 913 914 353)
4(303 354 915 864)
4(353 914 915 354)
4(304 355 916 865)
4(354 915 916 355)
4(355 916 917 356)
4(307 358 919 868)
4(357 918 919 358)
4(308 359 920 869)
4(358 919 920 359)
4(309 360 921 870)
4(359 920 921 360)
4(310 361 922 871)
4(360 921 922 361)
4(311 362 923 872)
4(361 922 923 362)
4(312 363 924 873)
4(362 923 924 363)
4(313 364 925 874)
4(363 924 925 364)
4(314 365 926 875)
4(364 925 926 365)
4(315 366 927 876)
4(365 926 927 366)
4(316 367 928 877)
4(366 927 928 367)
4(317 368 929 878)
4(367 928 929 368)
4(318 369 930 879)
4(368 929 930 369)
4(319 370 931 880)
4(369 930 931 370)
4(320 371 932 881)
4(370 931 932 371)
4(321 372 933 882)
4(371 932 933 372)
4(322 373 934 883)
4(372 933 934 373)
4(323 374 935 884)
4(373 934 935 374)
4(324 375 936 885)
4(374 935 936 375)
4(325 376 937 886)
4(375 936 937 376)
4(326 377 938 887)
4(376 937 938 377)
4(327 378 939 888)
4(377 938 939 378)
4(328 379 940 889)
4(378 939 940 379)
4(329 380 941 890)
4(379 940 941 380)
4(330 381 942 891)
4(380 941 942 381)
4(331 382 943 892)
4(381 942 943 382)
4(332 383 944 893)
4(382 943 944 383)
4(333 384 945 894)
4(383 944 945 384)
4(334 385 946 895)
4(384 945 946 385)
4(335 386 947 896)
4(385 946 947 386)
4(336 387 948 897)
4(386 947 948 387)
4(337 388 949 898)
4(387 948 949 388)
4(338 389 950 899)
4(388 949 950 389)
4(339 390 951 900)
4(389 950 951 390)
4(340 391 952 901)
4(390 951 952 391)
4(341 392 953 902)
4(391 952 953 392)
4(342 393 954 903)
4(392 953 954 393)
4(343 394 955 904)
4(393 954 955 394)
4(344 395 956 905)
4(394 955 956 395)
4(345 396 957 906)
4(395 956 957 396)
4(346 397 958 907)
4(396 957 958 397)
4(347 398 959 908)
4(397 958 959 398)
4(348 399 960 909)
4(398 959 960 399)
4(349 400 961 910)
4(399 960 961 400)
4(350 401 962 911)
4(400 961 962 401)
4(351 402 963 912)
4(401 962 963 402)
4(352 403 964 913)
4(402 963 964 403)
4(353 404 965 914)
4(403 964 965 404)
4(354 405 966 915)
4(404 965 966 405)
4(355 406 967 916)
4(405 966 967 406)
4(406 967 968 407)
4(358 409 970 919)
4(408 969 970 409)
4(359 410 971 920)
4(409 970 971 410)
4(360 411 972 921)
4(410 971 972 411)
4(361 412 973 922)
4(411 972 973 412)
4(362 413 974 923)
4(412 973 974 413)
4(363 414 975 924)
4(413 974 975 414)
4(364 415 976 925)
4(414 975 976 415)
4(365 416 977 926)
4(415 976 977 416)
4(366 417 978 927)
4(416 977 978 417)
4(367 418 979 928)
4(417 978 979 418)
4(368 419 980 929)
4(418 979 980 419)
4(369 420 981 930)
4(419 980 981 420)
4(370 421 982 931)
4(420 981 982 421)
4(371 422 983 932)
4(421 982 983 422)
4(372 423 984 933)
4(422 983 984 423)
4(373 424 985 934)
4(423 984 985 424)
4(374 425 986 935)
4(424 985 986 425)
4(375 426 987 936)
4(425 986 987 426)
4(376 427 988 937)
4(426 987 988 427)
4(377 428 989 938)
4(427 988 989 428)
4(378 429 990 939)
4(428 989 990 429)
4(379 430 991 940)
4(429 990 991 430)
4(380 431 992 941)
4(430 991 992 431)
4(381 432 993 942)
4(431 992 993 432)
4(382 433 994 943)
4(432 993 994 433)
4(383 434 995 944)
4(433 994 995 434)
4(384 435 996 945)
4(434 995 996 435)
4(385 436 997 946)
4(435 996 997 436)
4(386 437 998 947)
4(436 997 998 437)
4(387 438 999 948)
4(437 998 999 438)
4(388 439 1000 949)
4(438 999 1000 439)
4(389 440 1001 950)
4(439 1000 1001 440)
4(390 441 1002 951)
4(440 1001 1002 441)
4(391 442 1003 952)
4(441 1002 1003 442)
4(392 443 1004 953)
4(442 1003 1004 443)
4(393 444 1005 954)
4(443 1004 1005 444)
4(394 445 1006 955)
4(444 1005 1006 445)
4(395 446 1007 956)
4(445 1006 1007 446)
4(396 447 1008 957)
4(446 1007 1008 447)
4(397 448 1009 958)
4(447 1008 1009 448)
4(398 449 1010 959)
4(448 1009 1010 449)
4(399 450 1011 960)
4(449 1010 1011 450)
4(400 451 1012 961)
4(450 1011 1012 451)
4(401 452 1013 962)
4(451 1012 1013 452)
4(402 453 1014 963)
4(452 1013 1014 453)
4(403 454 1015 964)
4(453 1014 1015 454)
4(404 455 1016 965)
4(454 1015 1016 455)
4(405 456 1017 966)
4(455 1016 1017 456)
4(406 457 1018 967)
4(456 1017 1018 457)
4(457 1018 1019 458)
4(409 460 1021 970)
4(459 1020 1021 460)
4(410 461 1022 971)
4(460 1021 1022 461)
4(411 462 1023 972)
4(461 1022 1023 462)
4(412 463 1024 973)
4(462 1023 1024 463)
4(413 464 1025 974)
4(463 1024 1025 464)
4(414 465 1026 975)
4(464 1025 1026 465)
4(415 466 1027 976)
4(465 1026 1027 466)
4(416 467 1028 977)
4(466 1027 1028 467)
4(417 468 1029 978)
4(467 1028 1029 468)
4(418 469 1030 979)
4(468 1029 1030 469)
4(419 470 1031 980)
4(469 1030 1031 470)
4(420 471 1032 981)
4(470 1031 1032 471)
4(421 472 1033 982)
4(471 1032 1033 472)
4(422 473 1034 983)
4(472 1033 1034 473)
4(423 474 1035 984)
4(473 1034 1035 474)
4(424 475 1036 985)
4(474 1035 1036 475)
4(425 476 1037 986)
4(475 1036 1037 476)
4(426 477 1038 987)
4(476 1037 1038 477)
4(427 478 1039 988)
4(477 1038 1039 478)
4(428 479 1040 989)
4(478 1039 1040 479)
4(429 480 1041 990)
4(479 1040 1041 480)
4(430 481 1042 991)
4(480 1041 1042 481)
4(431 482 1043 992)
4(481 1042 1043 482)
4(432 483 1044 993)
4(482 1043 1044 483)
4(433 484 1045 994)
4(483 1044 1045 484)
4(434 485 1046 995)
4(484 1045 1046 485)
4(435 486 1047 996)
4(485 1046 1047 486)
4(436 487 1048 997)
4(486 1047 1048 487)
4(437 488 1049 998)
4(487 1048 1049 488)
4(438 489 1050 999)
4(488 1049 1050 489)
4(439 490 1051 1000)
4(489 1050 1051 490)
4(440 491 1052 1001)
4(490 1051 1052 491)
4(441 492 1053 1002)
4(491 1052 1053 492)
4(442 493 1054 1003)
4(492 1053 1054 493)
4(443 494 1055 1004)
4(493 1054 1055 494)
4(444 495 1056 1005)
4(494 1055 1056 495)
4(445 496 1057 1006)
4(495 1056 1057 496)
4(446 497 1058 1007)
4(496 1057 1058 497)
4(447 498 1059 1008)
4(497 1058 1059 498)
4(448 499 1060 1009)
4(498 1059 1060 499)
4(449 500 1061 1010)
4(499 1060 1061 500)
4(450 501 1062 1011)
4(500 1061 1062 501)
4(451 502 1063 1012)
4(501 1062 1063 502)
4(452 503 1064 1013)
4(502 1063 1064 503)
4(453 504 1065 1014)
4(503 1064 1065 504)
4(454 505 1066 1015)
4(504 1065 1066 505)
4(455 506 1067 1016)
4(505 1066 1067 506)
4(456 507 1068 1017)
4(506 1067 1068 507)
4(457 508 1069 1018)
4(507 1068 1069 508)
4(508 1069 1070 509)
4(460 511 1072 1021)
4(461 512 1073 1022)
4(462 513 1074 1023)
4(463 514 1075 1024)
4(464 515 1076 1025)
4(465 516 1077 1026)
4(466 517 1078 1027)
4(467 518 1079 1028)
4(468 519 1080 1029)
4(469 520 1081 1030)
4(470 521 1082 1031)
4(471 522 1083 1032)
4(472 523 1084 1033)
4(473 524 1085 1034)
4(474 525 1086 1035)
4(475 526 1087 1036)
4(476 527 1088 1037)
4(477 528 1089 1038)
4(478 529 1090 1039)
4(479 530 1091 1040)
4(480 531 1092 1041)
4(481 532 1093 1042)
4(482 533 1094 1043)
4(483 534 1095 1044)
4(484 535 1096 1045)
4(485 536 1097 1046)
4(486 537 1098 1047)
4(487 538 1099 1048)
4(488 539 1100 1049)
4(489 540 1101 1050)
4(490 541 1102 1051)
4(491 542 1103 1052)
4(492 543 1104 1053)
4(493 544 1105 1054)
4(494 545 1106 1055)
4(495 546 1107 1056)
4(496 547 1108 1057)
4(497 548 1109 1058)
4(498 549 1110 1059)
4(499 550 1111 1060)
4(500 551 1112 1061)
4(501 552 1113 1062)
4(502 553 1114 1063)
4(503 554 1115 1064)
4(504 555 1116 1065)
4(505 556 1117 1066)
4(506 557 1118 1067)
4(507 558 1119 1068)
4(508 559 1120 1069)
4(0 561 612 51)
4(51 612 663 102)
4(102 663 714 153)
4(153 714 765 204)
4(204 765 816 255)
4(255 816 867 306)
4(306 867 918 357)
4(357 918 969 408)
4(408 969 1020 459)
4(459 1020 1071 510)
4(0 1 562 561)
4(1 2 563 562)
4(2 3 564 563)
4(3 4 565 564)
4(4 5 566 565)
4(5 6 567 566)
4(6 7 568 567)
4(7 8 569 568)
4(8 9 570 569)
4(9 10 571 570)
4(10 11 572 571)
4(11 12 573 572)
4(12 13 574 573)
4(13 14 575 574)
4(14 15 576 575)
4(15 16 577 576)
4(16 17 578 577)
4(17 18 579 578)
4(18 19 580 579)
4(19 20 581 580)
4(20 21 582 581)
4(21 22 583 582)
4(22 23 584 583)
4(23 24 585 584)
4(24 25 586 585)
4(25 26 587 586)
4(26 27 588 587)
4(27 28 589 588)
4(28 29 590 589)
4(29 30 591 590)
4(30 31 592 591)
4(31 32 593 592)
4(32 33 594 593)
4(33 34 595 594)
4(34 35 596 595)
4(35 36 597 596)
4(36 37 598 597)
4(37 38 599 598)
4(38 39 600 599)
4(39 40 601 600)
4(40 41 602 601)
4(41 42 603 602)
4(42 43 604 603)
4(43 44 605 604)
4(44 45 606 605)
4(45 46 607 606)
4(46 47 608 607)
4(47 48 609 608)
4(48 49 610 609)
4(49 50 611 610)
4(561 562 613 612)
4(612 613 664 663)
4(663 664 715 714)
4(714 715 766 765)
4(765 766 817 816)
4(816 817 868 867)
4(867 868 919 918)
4(918 919 970 969)
4(969 970 1021 1020)
4(1020 1021 1072 1071)
4(562 563 614 613)
4(613 614 665 664)
4(664 665 716 715)
4(715 716 767 766)
4(766 767 818 817)
4(817 818 869 868)
4(868 869 920 919)
4(919 920 971 970)
4(970 971 1022 1021)
4(1021 1022 1073 1072)
4(563 564 615 614)
4(614 615 666 665)
4(665 666 717 716)
4(716 717 768 767)
4(767 768 819 818)
4(818 819 870 869)
4(869 870 921 920)
4(920 921 972 971)
4(971 972 1023 1022)
4(1022 1023 1074 1073)
4(564 565 616 615)
4(615 616 667 666)
4(666 667 718 717)
4(717 718 769 768)
4(768 769 820 819)
4(819 820 871 870)
4(870 871 922 921)
4(921 922 973 972)
4(972 973 1024 1023)
4(1023 1024 1075 1074)
4(565 566 617 616)
4(616 617 668 667)
4(667 668 719 718)
4(718 719 770 769)
4(769 770 821 820)
4(820 821 872 871)
4(871 872 923 922)
4(922 923 974 973)
4(973 974 1025 1024)
4(1024 1025 1076 1075)
4(566 567 618 617)
4(617 618 669 668)
4(668 669 720 719)
4(719 720 771 770)
4(770 771 822 821)
4(821 822 873 872)
4(872 873 924 923)
4(923 924 975 974)
4(974 975 1026 1025)
4(1025 1026 1077 1076)
4(567 568 619 618)
4(618 619 670 669)
4(669 670 721 720)
4(720 721 772 771)
4(771 772 823 822)
4(822 823 874 873)
4(873 874 925 924)
4(924 925 976 975)
4(975 976 1027 1026)
4(1026 1027 1078 1077)
4(568 569 620 619)
4(619 620 671 670)
4(670 671 722 721)
4(721 722 773 772)
4(772 773 824 823)
4(823 824 875 874)
4(874 875 926 925)
4(925 926 977 976)
4(976 977 1028 1027)
4(1027 1028 1079 1078)
4(569 570 621 620)
4(620 621 672 671)
4(671 672 723 722)
4(722 723 774 773)
4(773 774 825 824)
4(824 825 876 875)
4(875 876 927 926)
4(926 927 978 977)
4(977 978 1029 1028)
4(1028 1029 1080 1079)
4(570 571 622 621)
4(621 622 673 672)
4(672 673 724 723)
4(723 724 775 774)
4(774 775 826 825)
4(825 826 877 876)
4(876 877 928 927)
4(927 928 979 978)
4(978 979 1030 1029)
4(1029 1030 1081 1080)
4(571 572 623 622)
4(622 623 674 673)
4(673 674 725 724)
4(724 725 776 775)
4(775 776 827 826)
4(826 827 878 877)
4(877 878 929 928)
4(928 929 980 979)
4(979 980 1031 1030)
4(1030 1031 1082 1081)
4(572 573 624 623)
4(623 624 675 674)
4(674 675 726 725)
4(725 726 777 776)
4(776 777 828 827)
4(827 828 879 878)
4(878 879 930 929)
4(929 930 981 980)
4(980 981 1032 1031)
4(1031 1032 1083 1082)
4(573 574 625 624)
4(624 625 676 675)
4(675 676 727 726)
4(726 727 778 777)
4(777 778 829 828)
4(828 829 880 879)
4(879 880 931 930)
4(930 931 982 981)
4(981 982 1033 1032)
4(1032 1033 1084 1083)
4(574 575 626 625)
4(625 626 677 676)
4(676 677 728 727)
4(727 728 779 778)
4(778 779 830 829)
4(829 830 881 880)
4(880 881 932 931)
4(931 932 983 982)
4(982 983 1034 1033)
4(1033 1034 1085 1084)
4(575 576 627 626)
4(626 627 678 677)
4(677 678 729 728)
4(728 729 780 779)
4(779 780 831 830)
4(830 831 882 881)
4(881 882 933 932)
4(932 933 984 983)
4(983 984 1035 1034)
4(1034 1035 1086 1085)
4(576 577 628 627)
4(627 628 679 678)
4(678 679 730 729)
4(729 730 781 780)
4(780 781 832 831)
4(831 832 883 882)
4(882 883 934 933)
4(933 934 985 984)
4(984 985 1036 1035)
4(1035 1036 1087 1086)
4(577 578 629 628)
4(628 629 680 679)
4(679 680 731 730)
4(730 731 782 781)
4(781 782 833 832)
4(832 833 884 883)
4(883 884 935 934)
4(934 935 986 985)
4(985 986 1037 1036)
4(1036 1037 1088 1087)
4(578 579 630 629)
4(629 630 681 680)
4(680 681 732 731)
4(731 732 783 782)
4(782 783 834 833)
4(833 834 885 884)
4(884 885 936 935)
4(935 936 987 986)
4(986 987 1038 1037)
4(1037 1038 1089 1088)
4(579 580 631 630)
4(630 631 682 681)
4(681 682 733 732)
4(732 733 784 783)
4(783 784 835 834)
4(834 835 886 885)
4(885 886 937 936)
4(936 937 988 987)
4(987 988 1039 1038)
4(1038 1039 1090 1089)
4(580 581 632 631)
4(631 632 683 682)
4(682 683 734 733)
4(733 734 785 784)
4(784 785 836 835)
4(835 836 887 886)
4(886 887 938 937)
4(937 938 989 988)
4(988 989 1040 1039)
4(1039 1040 1091 1090)
4(581 582 633 632)
4(632 633 684 683)
4(683 684 735 734)
4(734 735 786 785)
4(785 786 837 836)
4(836 837 888 887)
4(887 888 939 938)
4(938 939 990 989)
4(989 990 1041 1040)
4(1040 1041 1092 1091)
4(582 583 634 633)
4(633 634 685 684)
4(684 685 736 735)
4(735 736 787 786)
4(786 787 838 837)
4(837 838 889 888)
4(888 889 940 939)
4(939 940 991 990)
4(990 991 1042 1041)
4(1041 1042 1093 1092)
4(583 584 635 634)
4(634 635 686 685)
4(685 686 737 736)
4(736 737 788 787)
4(787 788 839 838)
4(838 839 890 889)
4(889 890 941 940)
4(940 941 992 991)
4(991 992 1043 1042)
4(1042 1043 1094 1093)
4(584 585 636 635)
4(635 636 687 686)
4(686 687 738 737)
4(737 738 789 788)
4(788 789 840 839)
4(839 840 891 890)
4(890 891 942 941)
4(941 942 993 992)
4(992 993 1044 1043)
4(1043 1044 1095 1094)
4(585 586 637 636)
4(636 637 688 687)
4(687 688 739 738)
4(738 739 790 789)
4(789 790 841 840)
4(840 841 892 891)
4(891 892 943 942)
4(942 943 994 993)
4(993 994 1045 1044)
4(1044 1045 1096 1095)
4(586 587 638 637)
4(637 638 689 688)
4(688 689 740 739)
4(739 740 791 790)
4(790 791 842 841)
4(841 842 893 892)
4(892 893 944 943)
4(943 944 995 994)
4(994 995 1046 1045)
4(1045 1046 1097 1096)
4(587 588 639 638)
4(638 639 690 689)
4(689 690 741 740)
4(740 741 792 791)
4(791 792 843 842)
4(842 843 894 893)
4(893 894 945 944)
4(944 945 996 995)
4(995 996 1047 1046)
4(1046 1047 1098 1097)
4(588 589 640 639)
4(639 640 691 690)
4(690 691 742 741)
4(741 742 793 792)
4(792 793 844 843)
4(843 844 895 894)
4(894 895 946 945)
4(945 946 997 996)
4(996 997 1048 1047)
4(1047 1048 1099 1098)
4(589 590 641 640)
4(640 641 692 691)
4(691 692 743 742)
4(742 743 794 793)
4(793 794 845 844)
4(844 845 896 895)
4(895 896 947 946)
4(946 947 998 997)
4(997 998 1049 1048)
4(1048 1049 1100 1099)
4(590 591 642 641)
4(641 642 693 692)
4(692 693 744 743)
4(743 744 795 794)
4(794 795 846 845)
4(845 846 897 896)
4(896 897 948 947)
4(947 948 999 998)
4(998 999 1050 1049)
4(1049 1050 1101 1100)
4(591 592 643 642)
4(642 643 694 693)
4(693 694 745 744)
4(744 745 796 795)
4(795 796 847 846)
4(846 847 898 897)
4(897 898 949 948)
4(948 949 1000 999)
4(999 1000 1051 1050)
4(1050 1051 1102 1101)
4(592 593 644 643)
4(643 644 695 694)
4(694 695 746 745)
4(745 746 797 796)
4(796 797 848 847)
4(847 848 899 898)
4(898 899 950 949)
4(949 950 1001 1000)
4(1000 1001 1052 1051)
4(1051 1052 1103 1102)
4(593 594 645 644)
4(644 645 696 695)
4(695 696 747 746)
4(746 747 798 797)
4(797 798 849 848)
4(848 849 900 899)
4(899 900 951 950)
4(950 951 1002 1001)
4(1001 1002 1053 1052)
4(1052 1053 1104 1103)
4(594 595 646 645)
4(645 646 697 696)
4(696 697 748 747)
4(747 748 799 798)
4(798 799 850 849)
4(849 850 901 900)
4(900 901 952 951)
4(951 952 1003 1002)
4(1002 1003 1054 1053)
4(1053 1054 1105 1104)
4(595 596 647 646)
4(646 647 698 697)
4(697 698 749 748)
4(748 749 800 799)
4(799 800 851 850)
4(850 851 902 901)
4(901 902 953 952)
4(952 953 1004 1003)
4(1003 1004 1055 1054)
4(1054 1055 1106 1105)
4(596 597 648 647)
4(647 648 699 698)
4(698 699 750 749)
4(749 750 801 800)
4(800 801 852 851)
4(851 852 903 902)
4(902 903 954 953)
4(953 954 1005 1004)
4(1004 1005 1056 1055)
4(1055 1056 1107 1106)
4(597 598 649 648)
4(648 649 700 699)
4(699 700 751 750)
4(750 751 802 801)
4(801 802 853 852)
4(852 853 904 903)
4(903 904 955 954)
4(954 955 1006 1005)
4(1005 1006 1057 1056)
4(1056 1057 1108 1107)
4(598 599 650 649)
4(649 650 701 700)
4(700 701 752 751)
4(751 752 803 802)
4(802 803 854 853)
4(853 854 905 904)
4(904 905 956 955)
4(955 956 1007 1006)
4(1006 1007 1058 1057)
4(1057 1058 1109 1108)
4(599 600 651 650)
4(650 651 702 701)
4(701 702 753 752)
4(752 753 804 803)
4(803 804 855 854)
4(854 855 906 905)
4(905 906 957 956)
4(956 957 1008 1007)
4(1007 1008 1059 1058)
4(1058 1059 1110 1109)
4(600 601 652 651)
4(651 652 703 702)
4(702 703 754 753)
4(753 754 805 804)
4(804 805 856 855)
4(855 856 907 906)
4(906 907 958 957)
4(957 958 1009 1008)
4(1008 1009 1060 1059)
4(1059 1060 1111 1110)
4(601 602 653 652)
4(652 653 704 703)
4(703 704 755 754)
4(754 755 806 805)
4(805 806 857 856)
4(856 857 908 907)
4(907 908 959 958)
4(958 959 1010 1009)
4(1009 1010 1061 1060)
4(1060 1061 1112 1111)
4(602 603 654 653)
4(653 654 705 704)
4(704 705 756 755)
4(755 756 807 806)
4(806 807 858 857)
4(857 858 909 908)
4(908 909 960 959)
4(959 960 1011 1010)
4(1010 1011 1062 1061)
4(1061 1062 1113 1112)
4(603 604 655 654)
4(654 655 706 705)
4(705 706 757 756)
4(756 757 808 807)
4(807 808 859 858)
4(858 859 910 909)
4(909 910 961 960)
4(960 961 1012 1011)
4(1011 1012 1063 1062)
4(1062 1063 1114 1113)
4(604 605 656 655)
4(655 656 707 706)
4(706 707 758 757)
4(757 758 809 808)
4(808 809 860 859)
4(859 860 911 910)
4(910 911 962 961)
4(961 962 1013 1012)
4(1012 1013 1064 1063)
4(1063 1064 1115 1114)
4(605 606 657 656)
4(656 657 708 707)
4(707 708 759 758)
4(758 759 810 809)
4(809 810 861 860)
4(860 861 912 911)
4(911 912 963 962)
4(962 963 1014 1013)
4(1013 1014 1065 1064)
4(1064 1065 1116 1115)
4(606 607 658 657)
4(657 658 709 708)
4(708 709 760 759)
4(759 760 811 810)
4(810 811 862 861)
4(861 862 913 912)
4(912 913 964 963)
4(963 964 1015 1014)
4(1014 1015 1066 1065)
4(1065 1066 1117 1116)
4(607 608 659 658)
4(658 659 710 709)
4(709 710 761 760)
4(760 761 812 811)
4(811 812 863 862)
4(862 863 914 913)
4(913 914 965 964)
4(964 965 1016 1015)
4(1015 1016 1067 1066)
4(1066 1067 1118 1117)
4(608 609 660 659)
4(659 660 711 710)
4(710 711 762 761)
4(761 762 813 812)
4(812 813 864 863)
4(863 864 915 914)
4(914 915 966 965)
4(965 966 1017 1016)
4(1016 1017 1068 1067)
4(1067 1068 1119 1118)
4(609 610 661 660)
4(660 661 712 711)
4(711 712 763 762)
4(762 763 814 813)
4(813 814 865 864)
4(864 865 916 915)
4(915 916 967 966)
4(966 967 1018 1017)
4(1017 1018 1069 1068)
4(1068 1069 1120 1119)
4(610 611 662 661)
4(661 662 713 712)
4(712 713 764 763)
4(763 764 815 814)
4(814 815 866 865)
4(865 866 917 916)
4(916 917 968 967)
4(967 968 1019 1018)
4(1018 1019 1070 1069)
4(1069 1070 1121 1120)
4(0 51 52 1)
4(51 102 103 52)
4(102 153 154 103)
4(153 204 205 154)
4(204 255 256 205)
4(255 306 307 256)
4(306 357 358 307)
4(357 408 409 358)
4(408 459 460 409)
4(459 510 511 460)
4(1 52 53 2)
4(52 103 104 53)
4(103 154 155 104)
4(154 205 206 155)
4(205 256 257 206)
4(256 307 308 257)
4(307 358 359 308)
4(358 409 410 359)
4(409 460 461 410)
4(460 511 512 461)
4(2 53 54 3)
4(53 104 105 54)
4(104 155 156 105)
4(155 206 207 156)
4(206 257 258 207)
4(257 308 309 258)
4(308 359 360 309)
4(359 410 411 360)
4(410 461 462 411)
4(461 512 513 462)
4(3 54 55 4)
4(54 105 106 55)
4(105 156 157 106)
4(156 207 208 157)
4(207 258 259 208)
4(258 309 310 259)
4(309 360 361 310)
4(360 411 412 361)
4(411 462 463 412)
4(462 513 514 463)
4(4 55 56 5)
4(55 106 107 56)
4(106 157 158 107)
4(157 208 209 158)
4(208 259 260 209)
4(259 310 311 260)
4(310 361 362 311)
4(361 412 413 362)
4(412 463 464 413)
4(463 514 515 464)
4(5 56 57 6)
4(56 107 108 57)
4(107 158 159 108)
4(158 209 210 159)
4(209 260 261 210)
4(260 311 312 261)
4(311 362 363 312)
4(362 413 414 363)
4(413 464 465 414)
4(464 515 516 465)
4(6 57 58 7)
4(57 108 109 58)
4(108 159 160 109)
4(159 210 211 160)
4(210 261 262 211)
4(261 312 313 262)
4(312 363 364 313)
4(363 414 415 364)
4(414 465 466 415)
4(465 516 517 466)
4(7 58 59 8)
4(58 109 110 59)
4(109 160 161 110)
4(160 211 212 161)
4(211 262 263 212)
4(262 313 314 263)
4(313 364 365 314)
4(364 415 416 365)
4(415 466 467 416)
4(466 517 518 467)
4(8 59 60 9)
4(59 110 111 60)
4(110 161 162 111)
4(161 212 213 162)
4(212 263 264 213)
4(263 314 315 264)
4(314 365 366 315)
4(365 416 417 366)
4(416 467 468 417)
4(467 518 519 468)
4(9 60 61 10)
4(60 111 112 61)
4(111 162 163 112)
4(162 213 214 163)
4(213 264 265 214)
4(264 315 316 265)
4(315 366 367 316)
4(366 417 418 367)
4(417 468 469 418)
4(468 519 520 469)
4(10 61 62 11)
4(61 112 113 62)
4(112 163 164 113)
4(163 214 215 164)
4(214 265 266 215)
4(265 316 317 266)
4(316 367 368 317)
4(367 418 419 368)
4(418 469 470 419)
4(469 520 521 470)
4(11 62 63 12)
4(62 113 114 63)
4(113 164 165 114)
4(164 215 216 165)
4(215 266 267 216)
4(266 317 318 267)
4(317 368 369 318)
4(368 419 420 369)
4(419 470 471 420)
4(470 521 522 471)
4(12 63 64 13)
4(63 114 115 64)
4(114 165 166 115)
4(165 216 217 166)
4(216 267 268 217)
4(267 318 319 268)
4(318 369 370 319)
4(369 420 421 370)
4(420 471 472 421)
4(471 522 523 472)
4(13 64 65 14)
4(64 115 116 65)
4(115 166 167 116)
4(166 217 218 167)
4(217 268 269 218)
4(268 319 320 269)
4(319 370 371 320)
4(370 421 422 371)
4(421 472 473 422)
4(472 523 524 473)
4(14 65 66 15)
4(65 116 117 66)
4(116 167 168 117)
4(167 218 219 168)
4(218 269 270 219)
4(269 320 321 270)
4(320 371 372 321)
4(371 422 423 372)
4(422 473 474 423)
4(473 524 525 474)
4(15 66 67 16)
4(66 117 118 67)
4(117 168 169 118)
4(168 219 220 169)
4(219 270 271 220)
4(270 321 322 271)
4(321 372 373 322)
4(372 423 424 373)
4(423 474 475 424)
4(474 525 526 475)
4(16 67 68 17)
4(67 118 119 68)
4(118 169 170 119)
4(169 220 221 170)
4(220 271 272 221)
4(271 322 323 272)
4(322 373 374 323)
4(373 424 425 374)
4(424 475 476 425)
4(475 526 527 476)
4(17 68 69 18)
4(68 119 120 69)
4(119 170 171 120)
4(170 221 222 171)
4(221 272 273 222)
4(272 323 324 273)
4(323 374 375 324)
4(374 425 426 375)
4(425 476 477 426)
4(476 527 528 477)
4(18 69 70 19)
4(69 120 121 70)
4(120 171 172 121)
4(171 222 223 172)
4(222 273 274 223)
4(273 324 325 274)
4(324 375 376 325)
4(375 426 427 376)
4(426 477 478 427)
4(477 528 529 478)
4(19 70 71 20)
4(70 121 122 71)
4(121 172 173 122)
4(172 223 224 173)
4(223 274 275 224)
4(274 325 326 275)
4(325 376 377 326)
4(376 427 428 377)
4(427 478 479 428)
4(478 529 530 479)
4(20 71 72 21)
4(71 122 123 72)
4(122 173 174 123)
4(173 224 225 174)
4(224 275 276 225)
4(275 326 327 276)
4(326 377 378 327)
4(377 428 429 378)
4(428 479 480 429)
4(479 530 531 480)
4(21 72 73 22)
4(72 123 124 73)
4(123 174 175 124)
4(174 225 226 175)
4(225 276 277 226)
4(276 327 328 277)
4(327 378 379 328)
4(378 429 430 379)
4(429 480 481 430)
4(480 531 532 481)
4(22 73 74 23)
4(73 124 125 74)
4(124 175 176 125)
4(175 226 227 176)
4(226 277 278 227)
4(277 328 329 278)
4(328 379 380 329)
4(379 430 431 380)
4(430 481 482 431)
4(481 532 533 482)
4(23 74 75 24)
4(74 125 126 75)
4(125 176 177 126)
4(176 227 228 177)
4(227 278 279 228)
4(278 329 330 279)
4(329 380 381 330)
4(380 431 432 381)
4(431 482 483 432)
4(482 533 534 483)
4(24 75 76 25)
4(75 126 127 76)
4(126 177 178 127)
4(177 228 229 178)
4(228 279 280 229)
4(279 330 331 280)
4(330 381 382 331)
4(381 432 433 382)
4(432 483 484 433)
4(483 534 535 484)
4(25 76 77 26)
4(76 127 128 77)
4(127 178 179 128)
4(178 229 230 179)
4(229 280 281 230)
4(280 331 332 281)
4(331 382 383 332)
4(382 433 434 383)
4(433 484 485 434)
4(484 535 536 485)
4(26 77 78 27)
4(77 128 129 78)
4(128 179 180 129)
4(179 230 231 180)
4(230 281 282 231)
4(281 332 333 282)
4(332 383 384 333)
4(383 434 435 384)
4(434 485 486 435)
4(485 536 537 486)
4(27 78 79 28)
4(78 129 130 79)
4(129 180 181 130)
4(180 231 232 181)
4(231 282 283 232)
4(282 333 334 283)
4(333 384 385 334)
4(384 435 436 385)
4(435 486 487 436)
4(486 537 538 487)
4(28 79 80 29)
4(79 130 131 80)
4(130 181 182 131)
4(181 232 233 182)
4(232 283 284 233)
4(283 334 335 284)
4(334 385 386 335)
4(385 436 437 386)
4(436 487 488 437)
4(487 538 539 488)
4(29 80 81 30)
4(80 131 132 81)
4(131 182 183 132)
4(182 233 234 183)
4(233 284 285 234)
4(284 335 336 285)
4(335 386 387 336)
4(386 437 438 387)
4(437 488 489 438)
4(488 539 540 489)
4(30 81 82 31)
4(81 132 133 82)
4(132 183 184 133)
4(183 234 235 184)
4(234 285 286 235)
4(285 336 337 286)
4(336 387 388 337)
4(387 438 439 388)
4(438 489 490 439)
4(489 540 541 490)
4(31 82 83 32)
4(82 133 134 83)
4(133 184 185 134)
4(184 235 236 185)
4(235 286 287 236)
4(286 337 338 287)
4(337 388 389 338)
4(388 439 440 389)
4(439 490 491 440)
4(490 541 542 491)
4(32 83 84 33)
4(83 134 135 84)
4(134 185 186 135)
4(185 236 237 186)
4(236 287 288 237)
4(287 338 339 288)
4(338 389 390 339)
4(389 440 441 390)
4(440 491 492 441)
4(491 542 543 492)
4(33 84 85 34)
4(84 135 136 85)
4(135 186 187 136)
4(186 237 238 187)
4(237 288 289 238)
4(288 339 340 289)
4(339 390 391 340)
4(390 441 442 391)
4(441 492 493 442)
4(492 543 544 493)
4(34 85 86 35)
4(85 136 137 86)
4(136 187 188 137)
4(187 238 239 188)
4(238 289 290 239)
4(289 340 341 290)
4(340 391 392 341)
4(391 442 443 392)
4(442 493 494 443)
4(493 544 545 494)
4(35 86 87 36)
4(86 137 138 87)
4(137 188 189 138)
4(188 239 240 189)
4(239 290 291 240)
4(290 341 342 291)
4(341 392 393 342)
4(392 443 444 393)
4(443 494 495 444)
4(494 545 546 495)
4(36 87 88 37)
4(87 138 139 88)
4(138 189 190 139)
4(189 240 241 190)
4(240 291 292 241)
4(291 342 343 292)
4(342 393 394 343)
4(393 444 445 394)
4(444 495 496 445)
4(495 546 547 496)
4(37 88 89 38)
4(88 139 140 89)
4(139 190 191 140)
4(190 241 242 191)
4(241 292 293 242)
4(292 343 344 293)
4(343 394 395 344)
4(394 445 446 395)
4(445 496 497 446)
4(496 547 548 497)
4(38 89 90 39)
4(89 140 141 90)
4(140 191 192 141)
4(191 242 243 192)
4(242 293 294 243)
4(293 344 345 294)
4(344 395 396 345)
4(395 446 447 396)
4(446 497 498 447)
4(497 548 549 498)
4(39 90 91 40)
4(90 141 142 91)
4(141 192 193 142)
4(192 243 244 193)
4(243 294 295 244)
4(294 345 346 295)
4(345 396 397 346)
4(396 447 448 397)
4(447 498 499 448)
4(498 549 550 499)
4(40 91 92 41)
4(91 142 143 92)
4(142 193 194 143)
4(193 244 245 194)
4(244 295 296 245)
4(295 346 347 296)
4(346 397 398 347)
4(397 448 449 398)
4(448 499 500 449)
4(499 550 551 500)
4(41 92 93 42)
4(92 143 144 93)
4(143 194 195 144)
4(194 245 246 195)
4(245 296 297 246)
4(296 347 348 297)
4(347 398 399 348)
4(398 449 450 399)
4(449 500 501 450)
4(500 551 552 501)
4(42 93 94 43)
4(93 144 145 94)
4(144 195 196 145)
4(195 246 247 196)
4(246 297 298 247)
4(297 348 349 298)
4(348 399 400 349)
4(399 450 451 400)
4(450 501 502 451)
4(501 552 553 502)
4(43 94 95 44)
4(94 145 146 95)
4(145 196 197 146)
4(196 247 248 197)
4(247 298 299 248)
4(298 349 350 299)
4(349 400 401 350)
4(400 451 452 401)
4(451 502 503 452)
4(502 553 554 503)
4(44 95 96 45)
4(95 146 147 96)
4(146 197 198 147)
4(197 248 249 198)
4(248 299 300 249)
4(299 350 351 300)
4(350 401 402 351)
4(401 452 453 402)
4(452 503 504 453)
4(503 554 555 504)
4(45 96 97 46)
4(96 147 148 97)
4(147 198 199 148)
4(198 249 250 199)
4(249 300 301 250)
4(300 351 352 301)
4(351 402 403 352)
4(402 453 454 403)
4(453 504 505 454)
4(504 555 556 505)
4(46 97 98 47)
4(97 148 149 98)
4(148 199 200 149)
4(199 250 251 200)
4(250 301 302 251)
4(301 352 353 302)
4(352 403 404 353)
4(403 454 455 404)
4(454 505 506 455)
4(505 556 557 506)
4(47 98 99 48)
4(98 149 150 99)
4(149 200 201 150)
4(200 251 252 201)
4(251 302 303 252)
4(302 353 354 303)
4(353 404 405 354)
4(404 455 456 405)
4(455 506 507 456)
4(506 557 558 507)
4(48 99 100 49)
4(99 150 151 100)
4(150 201 202 151)
4(201 252 253 202)
4(252 303 304 253)
4(303 354 355 304)
4(354 405 406 355)
4(405 456 457 406)
4(456 507 508 457)
4(507 558 559 508)
4(49 100 101 50)
4(100 151 152 101)
4(151 202 203 152)
4(202 253 254 203)
4(253 304 305 254)
4(304 355 356 305)
4(355 406 407 356)
4(406 457 458 407)
4(457 508 509 458)
4(508 559 560 509)
4(50 101 662 611)
4(101 152 713 662)
4(152 203 764 713)
4(203 254 815 764)
4(254 305 866 815)
4(305 356 917 866)
4(356 407 968 917)
4(407 458 1019 968)
4(458 509 1070 1019)
4(509 560 1121 1070)
4(510 1071 1072 511)
4(511 1072 1073 512)
4(512 1073 1074 513)
4(513 1074 1075 514)
4(514 1075 1076 515)
4(515 1076 1077 516)
4(516 1077 1078 517)
4(517 1078 1079 518)
4(518 1079 1080 519)
4(519 1080 1081 520)
4(520 1081 1082 521)
4(521 1082 1083 522)
4(522 1083 1084 523)
4(523 1084 1085 524)
4(524 1085 1086 525)
4(525 1086 1087 526)
4(526 1087 1088 527)
4(527 1088 1089 528)
4(528 1089 1090 529)
4(529 1090 1091 530)
4(530 1091 1092 531)
4(531 1092 1093 532)
4(532 1093 1094 533)
4(533 1094 1095 534)
4(534 1095 1096 535)
4(535 1096 1097 536)
4(536 1097 1098 537)
4(537 1098 1099 538)
4(538 1099 1100 539)
4(539 1100 1101 540)
4(540 1101 1102 541)
4(541 1102 1103 542)
4(542 1103 1104 543)
4(543 1104 1105 544)
4(544 1105 1106 545)
4(545 1106 1107 546)
4(546 1107 1108 547)
4(547 1108 1109 548)
4(548 1109 1110 549)
4(549 1110 1111 550)
4(550 1111 1112 551)
4(551 1112 1113 552)
4(552 1113 1114 553)
4(553 1114 1115 554)
4(554 1115 1116 555)
4(555 1116 1117 556)
4(556 1117 1118 557)
4(557 1118 1119 558)
4(558 1119 1120 559)
4(559 1120 1121 560)
)


// ************************************************************************* //
