/*--------------------------------*- C++ -*----------------------------------*\
  =========                 |
  \\      /  F ield         | OpenFOAM: The Open Source CFD Toolbox
   \\    /   O peration     | Website:  https://openfoam.org
    \\  /    A nd           | Version:  6
     \\/     M anipulation  |
\*---------------------------------------------------------------------------*/
FoamFile
{
    version     2.0;
    format      ascii;
    class       labelList;
    location    "constant/polyMesh";
    object      faceProcAddressing;
}
// * * * * * * * * * * * * * * * * * * * * * * * * * * * * * * * * * * * * * //


2060
(
1
2
3
4
5
6
7
8
9
10
11
12
13
14
15
16
17
18
19
20
21
22
23
24
25
26
27
28
29
30
31
32
33
34
35
36
37
38
39
40
41
42
43
44
45
46
47
48
49
50
51
52
53
54
55
56
57
58
59
60
61
62
63
64
65
66
67
68
69
70
71
72
73
74
75
76
77
78
79
80
81
82
83
84
85
86
87
88
89
90
91
92
93
94
95
96
97
98
100
200
201
202
203
204
205
206
207
208
209
210
211
212
213
214
215
216
217
218
219
220
221
222
223
224
225
226
227
228
229
230
231
232
233
234
235
236
237
238
239
240
241
242
243
244
245
246
247
248
249
250
251
252
253
254
255
256
257
258
259
260
261
262
263
264
265
266
267
268
269
270
271
272
273
274
275
276
277
278
279
280
281
282
283
284
285
286
287
288
289
290
291
292
293
294
295
296
297
299
399
400
401
402
403
404
405
406
407
408
409
410
411
412
413
414
415
416
417
418
419
420
421
422
423
424
425
426
427
428
429
430
431
432
433
434
435
436
437
438
439
440
441
442
443
444
445
446
447
448
449
450
451
452
453
454
455
456
457
458
459
460
461
462
463
464
465
466
467
468
469
470
471
472
473
474
475
476
477
478
479
480
481
482
483
484
485
486
487
488
489
490
491
492
493
494
495
496
498
598
599
600
601
602
603
604
605
606
607
608
609
610
611
612
613
614
615
616
617
618
619
620
621
622
623
624
625
626
627
628
629
630
631
632
633
634
635
636
637
638
639
640
641
642
643
644
645
646
647
648
649
650
651
652
653
654
655
656
657
658
659
660
661
662
663
664
665
666
667
668
669
670
671
672
673
674
675
676
677
678
679
680
681
682
683
684
685
686
687
688
689
690
691
692
693
694
695
697
797
798
799
800
801
802
803
804
805
806
807
808
809
810
811
812
813
814
815
816
817
818
819
820
821
822
823
824
825
826
827
828
829
830
831
832
833
834
835
836
837
838
839
840
841
842
843
844
845
846
847
848
849
850
851
852
853
854
855
856
857
858
859
860
861
862
863
864
865
866
867
868
869
870
871
872
873
874
875
876
877
878
879
880
881
882
883
884
885
886
887
888
889
890
891
892
893
894
896
996
997
998
999
1000
1001
1002
1003
1004
1005
1006
1007
1008
1009
1010
1011
1012
1013
1014
1015
1016
1017
1018
1019
1020
1021
1022
1023
1024
1025
1026
1027
1028
1029
1030
1031
1032
1033
1034
1035
1036
1037
1038
1039
1040
1041
1042
1043
1044
1045
1046
1047
1048
1049
1050
1051
1052
1053
1054
1055
1056
1057
1058
1059
1060
1061
1062
1063
1064
1065
1066
1067
1068
1069
1070
1071
1072
1073
1074
1075
1076
1077
1078
1079
1080
1081
1082
1083
1084
1085
1086
1087
1088
1089
1090
1091
1092
1093
1095
1195
1196
1197
1198
1199
1200
1201
1202
1203
1204
1205
1206
1207
1208
1209
1210
1211
1212
1213
1214
1215
1216
1217
1218
1219
1220
1221
1222
1223
1224
1225
1226
1227
1228
1229
1230
1231
1232
1233
1234
1235
1236
1237
1238
1239
1240
1241
1242
1243
1244
1245
1246
1247
1248
1249
1250
1251
1252
1253
1254
1255
1256
1257
1258
1259
1260
1261
1262
1263
1264
1265
1266
1267
1268
1269
1270
1271
1272
1273
1274
1275
1276
1277
1278
1279
1280
1281
1282
1283
1284
1285
1286
1287
1288
1289
1290
1291
1292
1294
1394
1395
1396
1397
1398
1399
1400
1401
1402
1403
1404
1405
1406
1407
1408
1409
1410
1411
1412
1413
1414
1415
1416
1417
1418
1419
1420
1421
1422
1423
1424
1425
1426
1427
1428
1429
1430
1431
1432
1433
1434
1435
1436
1437
1438
1439
1440
1441
1442
1443
1444
1445
1446
1447
1448
1449
1450
1451
1452
1453
1454
1455
1456
1457
1458
1459
1460
1461
1462
1463
1464
1465
1466
1467
1468
1469
1470
1471
1472
1473
1474
1475
1476
1477
1478
1479
1480
1481
1482
1483
1484
1485
1486
1487
1488
1489
1490
1491
1493
1593
1594
1595
1596
1597
1598
1599
1600
1601
1602
1603
1604
1605
1606
1607
1608
1609
1610
1611
1612
1613
1614
1615
1616
1617
1618
1619
1620
1621
1622
1623
1624
1625
1626
1627
1628
1629
1630
1631
1632
1633
1634
1635
1636
1637
1638
1639
1640
1641
1642
1643
1644
1645
1646
1647
1648
1649
1650
1651
1652
1653
1654
1655
1656
1657
1658
1659
1660
1661
1662
1663
1664
1665
1666
1667
1668
1669
1670
1671
1672
1673
1674
1675
1676
1677
1678
1679
1680
1681
1682
1683
1684
1685
1686
1687
1688
1689
1690
1692
1792
1794
1796
1798
1800
1802
1804
1806
1808
1810
1812
1814
1816
1818
1820
1822
1824
1826
1828
1830
1832
1834
1836
1838
1840
1842
1844
1846
1848
1850
1852
1854
1856
1858
1860
1862
1864
1866
1868
1870
1872
1874
1876
1878
1880
1882
1884
1886
1888
7861
7862
7863
7864
7865
7866
7867
7868
7869
7870
7941
7942
7943
7944
7945
7946
7947
7948
7949
7950
7951
7952
7953
7954
7955
7956
7957
7958
7959
7960
7961
7962
7963
7964
7965
7966
7967
7968
7969
7970
7971
7972
7973
7974
7975
7976
7977
7978
7979
7980
7981
7982
7983
7984
7985
7986
7987
7988
7989
7990
8141
8142
8143
8144
8145
8146
8147
8148
8149
8150
8181
8182
8183
8184
8185
8186
8187
8188
8189
8190
8221
8222
8223
8224
8225
8226
8227
8228
8229
8230
8261
8262
8263
8264
8265
8266
8267
8268
8269
8270
8301
8302
8303
8304
8305
8306
8307
8308
8309
8310
8341
8342
8343
8344
8345
8346
8347
8348
8349
8350
8381
8382
8383
8384
8385
8386
8387
8388
8389
8390
8421
8422
8423
8424
8425
8426
8427
8428
8429
8430
8461
8462
8463
8464
8465
8466
8467
8468
8469
8470
8501
8502
8503
8504
8505
8506
8507
8508
8509
8510
8541
8542
8543
8544
8545
8546
8547
8548
8549
8550
8581
8582
8583
8584
8585
8586
8587
8588
8589
8590
8621
8622
8623
8624
8625
8626
8627
8628
8629
8630
8661
8662
8663
8664
8665
8666
8667
8668
8669
8670
8701
8702
8703
8704
8705
8706
8707
8708
8709
8710
8741
8742
8743
8744
8745
8746
8747
8748
8749
8750
8781
8782
8783
8784
8785
8786
8787
8788
8789
8790
8821
8822
8823
8824
8825
8826
8827
8828
8829
8830
8861
8862
8863
8864
8865
8866
8867
8868
8869
8870
8901
8902
8903
8904
8905
8906
8907
8908
8909
8910
8941
8942
8943
8944
8945
8946
8947
8948
8949
8950
8981
8982
8983
8984
8985
8986
8987
8988
8989
8990
9021
9022
9023
9024
9025
9026
9027
9028
9029
9030
9061
9062
9063
9064
9065
9066
9067
9068
9069
9070
9101
9102
9103
9104
9105
9106
9107
9108
9109
9110
9141
9142
9143
9144
9145
9146
9147
9148
9149
9150
9181
9182
9183
9184
9185
9186
9187
9188
9189
9190
9221
9222
9223
9224
9225
9226
9227
9228
9229
9230
9261
9262
9263
9264
9265
9266
9267
9268
9269
9270
9301
9302
9303
9304
9305
9306
9307
9308
9309
9310
9341
9342
9343
9344
9345
9346
9347
9348
9349
9350
9381
9382
9383
9384
9385
9386
9387
9388
9389
9390
9421
9422
9423
9424
9425
9426
9427
9428
9429
9430
9461
9462
9463
9464
9465
9466
9467
9468
9469
9470
9501
9502
9503
9504
9505
9506
9507
9508
9509
9510
9541
9542
9543
9544
9545
9546
9547
9548
9549
9550
9581
9582
9583
9584
9585
9586
9587
9588
9589
9590
9621
9622
9623
9624
9625
9626
9627
9628
9629
9630
9661
9662
9663
9664
9665
9666
9667
9668
9669
9670
9701
9702
9703
9704
9705
9706
9707
9708
9709
9710
9741
9742
9743
9744
9745
9746
9747
9748
9749
9750
9781
9782
9783
9784
9785
9786
9787
9788
9789
9790
9821
9822
9823
9824
9825
9826
9827
9828
9829
9830
9861
9862
9863
9864
9865
9866
9867
9868
9869
9870
9901
9902
9903
9904
9905
9906
9907
9908
9909
9910
9941
9942
9943
9944
9945
9946
9947
9948
9949
9950
9981
9982
9983
9984
9985
9986
9987
9988
9989
9990
10021
10022
10023
10024
10025
10026
10027
10028
10029
10030
10061
10062
10063
10064
10065
10066
10067
10068
10069
10070
10101
10102
10103
10104
10105
10106
10107
10108
10109
10110
12141
12142
12143
12144
12145
12146
12147
12148
12149
12150
12181
12182
12183
12184
12185
12186
12187
12188
12189
12190
12221
12222
12223
12224
12225
12226
12227
12228
12229
12230
12261
12262
12263
12264
12265
12266
12267
12268
12269
12270
12301
12302
12303
12304
12305
12306
12307
12308
12309
12310
12341
12342
12343
12344
12345
12346
12347
12348
12349
12350
12381
12382
12383
12384
12385
12386
12387
12388
12389
12390
12421
12422
12423
12424
12425
12426
12427
12428
12429
12430
12461
12462
12463
12464
12465
12466
12467
12468
12469
12470
12501
12502
12503
12504
12505
12506
12507
12508
12509
12510
12541
12542
12543
12544
12545
12546
12547
12548
12549
12550
12581
12582
12583
12584
12585
12586
12587
12588
12589
12590
12621
12622
12623
12624
12625
12626
12627
12628
12629
12630
12661
12662
12663
12664
12665
12666
12667
12668
12669
12670
12701
12702
12703
12704
12705
12706
12707
12708
12709
12710
12741
12742
12743
12744
12745
12746
12747
12748
12749
12750
12781
12782
12783
12784
12785
12786
12787
12788
12789
12790
12821
12822
12823
12824
12825
12826
12827
12828
12829
12830
12861
12862
12863
12864
12865
12866
12867
12868
12869
12870
12901
12902
12903
12904
12905
12906
12907
12908
12909
12910
12941
12942
12943
12944
12945
12946
12947
12948
12949
12950
12981
12982
12983
12984
12985
12986
12987
12988
12989
12990
13021
13022
13023
13024
13025
13026
13027
13028
13029
13030
13061
13062
13063
13064
13065
13066
13067
13068
13069
13070
13101
13102
13103
13104
13105
13106
13107
13108
13109
13110
13141
13142
13143
13144
13145
13146
13147
13148
13149
13150
13181
13182
13183
13184
13185
13186
13187
13188
13189
13190
13221
13222
13223
13224
13225
13226
13227
13228
13229
13230
13261
13262
13263
13264
13265
13266
13267
13268
13269
13270
13301
13302
13303
13304
13305
13306
13307
13308
13309
13310
13341
13342
13343
13344
13345
13346
13347
13348
13349
13350
13381
13382
13383
13384
13385
13386
13387
13388
13389
13390
13421
13422
13423
13424
13425
13426
13427
13428
13429
13430
13461
13462
13463
13464
13465
13466
13467
13468
13469
13470
13501
13502
13503
13504
13505
13506
13507
13508
13509
13510
13541
13542
13543
13544
13545
13546
13547
13548
13549
13550
13581
13582
13583
13584
13585
13586
13587
13588
13589
13590
13621
13622
13623
13624
13625
13626
13627
13628
13629
13630
13661
13662
13663
13664
13665
13666
13667
13668
13669
13670
13701
13702
13703
13704
13705
13706
13707
13708
13709
13710
13741
13742
13743
13744
13745
13746
13747
13748
13749
13750
13781
13782
13783
13784
13785
13786
13787
13788
13789
13790
13821
13822
13823
13824
13825
13826
13827
13828
13829
13830
13861
13862
13863
13864
13865
13866
13867
13868
13869
13870
13901
13902
13903
13904
13905
13906
13907
13908
13909
13910
13941
13942
13943
13944
13945
13946
13947
13948
13949
13950
13981
13982
13983
13984
13985
13986
13987
13988
13989
13990
14021
14022
14023
14024
14025
14026
14027
14028
14029
14030
14061
14062
14063
14064
14065
14066
14067
14068
14069
14070
14101
14102
14103
14104
14105
14106
14107
14108
14109
14110
99
298
497
696
895
1094
1293
1492
1691
1890
1793
1795
1797
1799
1801
1803
1805
1807
1809
1811
1813
1815
1817
1819
1821
1823
1825
1827
1829
1831
1833
1835
1837
1839
1841
1843
1845
1847
1849
1851
1853
1855
1857
1859
1861
1863
1865
1867
1869
1871
1873
1875
1877
1879
1881
1883
1885
1887
1889
1891
)


// ************************************************************************* //
