/*--------------------------------*- C++ -*----------------------------------*\
  =========                 |
  \\      /  F ield         | OpenFOAM: The Open Source CFD Toolbox
   \\    /   O peration     | Website:  https://openfoam.org
    \\  /    A nd           | Version:  6
     \\/     M anipulation  |
\*---------------------------------------------------------------------------*/
FoamFile
{
    version     2.0;
    format      ascii;
    class       labelList;
    note        "nPoints: 1122 nCells: 500 nFaces: 2060 nInternalFaces: 940";
    location    "constant/polyMesh";
    object      owner;
}
// * * * * * * * * * * * * * * * * * * * * * * * * * * * * * * * * * * * * * //


2060
(
0
0
1
1
2
2
3
3
4
4
5
5
6
6
7
7
8
8
9
9
10
10
11
11
12
12
13
13
14
14
15
15
16
16
17
17
18
18
19
19
20
20
21
21
22
22
23
23
24
24
25
25
26
26
27
27
28
28
29
29
30
30
31
31
32
32
33
33
34
34
35
35
36
36
37
37
38
38
39
39
40
40
41
41
42
42
43
43
44
44
45
45
46
46
47
47
48
48
49
50
50
51
51
52
52
53
53
54
54
55
55
56
56
57
57
58
58
59
59
60
60
61
61
62
62
63
63
64
64
65
65
66
66
67
67
68
68
69
69
70
70
71
71
72
72
73
73
74
74
75
75
76
76
77
77
78
78
79
79
80
80
81
81
82
82
83
83
84
84
85
85
86
86
87
87
88
88
89
89
90
90
91
91
92
92
93
93
94
94
95
95
96
96
97
97
98
98
99
100
100
101
101
102
102
103
103
104
104
105
105
106
106
107
107
108
108
109
109
110
110
111
111
112
112
113
113
114
114
115
115
116
116
117
117
118
118
119
119
120
120
121
121
122
122
123
123
124
124
125
125
126
126
127
127
128
128
129
129
130
130
131
131
132
132
133
133
134
134
135
135
136
136
137
137
138
138
139
139
140
140
141
141
142
142
143
143
144
144
145
145
146
146
147
147
148
148
149
150
150
151
151
152
152
153
153
154
154
155
155
156
156
157
157
158
158
159
159
160
160
161
161
162
162
163
163
164
164
165
165
166
166
167
167
168
168
169
169
170
170
171
171
172
172
173
173
174
174
175
175
176
176
177
177
178
178
179
179
180
180
181
181
182
182
183
183
184
184
185
185
186
186
187
187
188
188
189
189
190
190
191
191
192
192
193
193
194
194
195
195
196
196
197
197
198
198
199
200
200
201
201
202
202
203
203
204
204
205
205
206
206
207
207
208
208
209
209
210
210
211
211
212
212
213
213
214
214
215
215
216
216
217
217
218
218
219
219
220
220
221
221
222
222
223
223
224
224
225
225
226
226
227
227
228
228
229
229
230
230
231
231
232
232
233
233
234
234
235
235
236
236
237
237
238
238
239
239
240
240
241
241
242
242
243
243
244
244
245
245
246
246
247
247
248
248
249
250
250
251
251
252
252
253
253
254
254
255
255
256
256
257
257
258
258
259
259
260
260
261
261
262
262
263
263
264
264
265
265
266
266
267
267
268
268
269
269
270
270
271
271
272
272
273
273
274
274
275
275
276
276
277
277
278
278
279
279
280
280
281
281
282
282
283
283
284
284
285
285
286
286
287
287
288
288
289
289
290
290
291
291
292
292
293
293
294
294
295
295
296
296
297
297
298
298
299
300
300
301
301
302
302
303
303
304
304
305
305
306
306
307
307
308
308
309
309
310
310
311
311
312
312
313
313
314
314
315
315
316
316
317
317
318
318
319
319
320
320
321
321
322
322
323
323
324
324
325
325
326
326
327
327
328
328
329
329
330
330
331
331
332
332
333
333
334
334
335
335
336
336
337
337
338
338
339
339
340
340
341
341
342
342
343
343
344
344
345
345
346
346
347
347
348
348
349
350
350
351
351
352
352
353
353
354
354
355
355
356
356
357
357
358
358
359
359
360
360
361
361
362
362
363
363
364
364
365
365
366
366
367
367
368
368
369
369
370
370
371
371
372
372
373
373
374
374
375
375
376
376
377
377
378
378
379
379
380
380
381
381
382
382
383
383
384
384
385
385
386
386
387
387
388
388
389
389
390
390
391
391
392
392
393
393
394
394
395
395
396
396
397
397
398
398
399
400
400
401
401
402
402
403
403
404
404
405
405
406
406
407
407
408
408
409
409
410
410
411
411
412
412
413
413
414
414
415
415
416
416
417
417
418
418
419
419
420
420
421
421
422
422
423
423
424
424
425
425
426
426
427
427
428
428
429
429
430
430
431
431
432
432
433
433
434
434
435
435
436
436
437
437
438
438
439
439
440
440
441
441
442
442
443
443
444
444
445
445
446
446
447
447
448
448
449
450
451
452
453
454
455
456
457
458
459
460
461
462
463
464
465
466
467
468
469
470
471
472
473
474
475
476
477
478
479
480
481
482
483
484
485
486
487
488
489
490
491
492
493
494
495
496
497
498
0
50
100
150
200
250
300
350
400
450
0
1
2
3
4
5
6
7
8
9
10
11
12
13
14
15
16
17
18
19
20
21
22
23
24
25
26
27
28
29
30
31
32
33
34
35
36
37
38
39
40
41
42
43
44
45
46
47
48
49
0
50
100
150
200
250
300
350
400
450
1
51
101
151
201
251
301
351
401
451
2
52
102
152
202
252
302
352
402
452
3
53
103
153
203
253
303
353
403
453
4
54
104
154
204
254
304
354
404
454
5
55
105
155
205
255
305
355
405
455
6
56
106
156
206
256
306
356
406
456
7
57
107
157
207
257
307
357
407
457
8
58
108
158
208
258
308
358
408
458
9
59
109
159
209
259
309
359
409
459
10
60
110
160
210
260
310
360
410
460
11
61
111
161
211
261
311
361
411
461
12
62
112
162
212
262
312
362
412
462
13
63
113
163
213
263
313
363
413
463
14
64
114
164
214
264
314
364
414
464
15
65
115
165
215
265
315
365
415
465
16
66
116
166
216
266
316
366
416
466
17
67
117
167
217
267
317
367
417
467
18
68
118
168
218
268
318
368
418
468
19
69
119
169
219
269
319
369
419
469
20
70
120
170
220
270
320
370
420
470
21
71
121
171
221
271
321
371
421
471
22
72
122
172
222
272
322
372
422
472
23
73
123
173
223
273
323
373
423
473
24
74
124
174
224
274
324
374
424
474
25
75
125
175
225
275
325
375
425
475
26
76
126
176
226
276
326
376
426
476
27
77
127
177
227
277
327
377
427
477
28
78
128
178
228
278
328
378
428
478
29
79
129
179
229
279
329
379
429
479
30
80
130
180
230
280
330
380
430
480
31
81
131
181
231
281
331
381
431
481
32
82
132
182
232
282
332
382
432
482
33
83
133
183
233
283
333
383
433
483
34
84
134
184
234
284
334
384
434
484
35
85
135
185
235
285
335
385
435
485
36
86
136
186
236
286
336
386
436
486
37
87
137
187
237
287
337
387
437
487
38
88
138
188
238
288
338
388
438
488
39
89
139
189
239
289
339
389
439
489
40
90
140
190
240
290
340
390
440
490
41
91
141
191
241
291
341
391
441
491
42
92
142
192
242
292
342
392
442
492
43
93
143
193
243
293
343
393
443
493
44
94
144
194
244
294
344
394
444
494
45
95
145
195
245
295
345
395
445
495
46
96
146
196
246
296
346
396
446
496
47
97
147
197
247
297
347
397
447
497
48
98
148
198
248
298
348
398
448
498
49
99
149
199
249
299
349
399
449
499
0
50
100
150
200
250
300
350
400
450
1
51
101
151
201
251
301
351
401
451
2
52
102
152
202
252
302
352
402
452
3
53
103
153
203
253
303
353
403
453
4
54
104
154
204
254
304
354
404
454
5
55
105
155
205
255
305
355
405
455
6
56
106
156
206
256
306
356
406
456
7
57
107
157
207
257
307
357
407
457
8
58
108
158
208
258
308
358
408
458
9
59
109
159
209
259
309
359
409
459
10
60
110
160
210
260
310
360
410
460
11
61
111
161
211
261
311
361
411
461
12
62
112
162
212
262
312
362
412
462
13
63
113
163
213
263
313
363
413
463
14
64
114
164
214
264
314
364
414
464
15
65
115
165
215
265
315
365
415
465
16
66
116
166
216
266
316
366
416
466
17
67
117
167
217
267
317
367
417
467
18
68
118
168
218
268
318
368
418
468
19
69
119
169
219
269
319
369
419
469
20
70
120
170
220
270
320
370
420
470
21
71
121
171
221
271
321
371
421
471
22
72
122
172
222
272
322
372
422
472
23
73
123
173
223
273
323
373
423
473
24
74
124
174
224
274
324
374
424
474
25
75
125
175
225
275
325
375
425
475
26
76
126
176
226
276
326
376
426
476
27
77
127
177
227
277
327
377
427
477
28
78
128
178
228
278
328
378
428
478
29
79
129
179
229
279
329
379
429
479
30
80
130
180
230
280
330
380
430
480
31
81
131
181
231
281
331
381
431
481
32
82
132
182
232
282
332
382
432
482
33
83
133
183
233
283
333
383
433
483
34
84
134
184
234
284
334
384
434
484
35
85
135
185
235
285
335
385
435
485
36
86
136
186
236
286
336
386
436
486
37
87
137
187
237
287
337
387
437
487
38
88
138
188
238
288
338
388
438
488
39
89
139
189
239
289
339
389
439
489
40
90
140
190
240
290
340
390
440
490
41
91
141
191
241
291
341
391
441
491
42
92
142
192
242
292
342
392
442
492
43
93
143
193
243
293
343
393
443
493
44
94
144
194
244
294
344
394
444
494
45
95
145
195
245
295
345
395
445
495
46
96
146
196
246
296
346
396
446
496
47
97
147
197
247
297
347
397
447
497
48
98
148
198
248
298
348
398
448
498
49
99
149
199
249
299
349
399
449
499
49
99
149
199
249
299
349
399
449
499
450
451
452
453
454
455
456
457
458
459
460
461
462
463
464
465
466
467
468
469
470
471
472
473
474
475
476
477
478
479
480
481
482
483
484
485
486
487
488
489
490
491
492
493
494
495
496
497
498
499
)


// ************************************************************************* //
