/*--------------------------------*- C++ -*----------------------------------*\
  =========                 |
  \\      /  F ield         | OpenFOAM: The Open Source CFD Toolbox
   \\    /   O peration     | Website:  https://openfoam.org
    \\  /    A nd           | Version:  6
     \\/     M anipulation  |
\*---------------------------------------------------------------------------*/
FoamFile
{
    version     2.0;
    format      ascii;
    class       vectorField;
    location    "constant/polyMesh";
    object      points;
}
// * * * * * * * * * * * * * * * * * * * * * * * * * * * * * * * * * * * * * //


1122
(
(0 -0.01 -0.01)
(0.0002 -0.01 -0.01)
(0.0004 -0.01 -0.01)
(0.0006 -0.01 -0.01)
(0.0008 -0.01 -0.01)
(0.001 -0.01 -0.01)
(0.0012 -0.01 -0.01)
(0.0014 -0.01 -0.01)
(0.0016 -0.01 -0.01)
(0.0018 -0.01 -0.01)
(0.002 -0.01 -0.01)
(0.0022 -0.01 -0.01)
(0.0024 -0.01 -0.01)
(0.0026 -0.01 -0.01)
(0.0028 -0.01 -0.01)
(0.003 -0.01 -0.01)
(0.0032 -0.01 -0.01)
(0.0034 -0.01 -0.01)
(0.0036 -0.01 -0.01)
(0.0038 -0.01 -0.01)
(0.004 -0.01 -0.01)
(0.0042 -0.01 -0.01)
(0.0044 -0.01 -0.01)
(0.0046 -0.01 -0.01)
(0.0048 -0.01 -0.01)
(0.005 -0.01 -0.01)
(0.0052 -0.01 -0.01)
(0.0054 -0.01 -0.01)
(0.0056 -0.01 -0.01)
(0.0058 -0.01 -0.01)
(0.006 -0.01 -0.01)
(0.0062 -0.01 -0.01)
(0.0064 -0.01 -0.01)
(0.0066 -0.01 -0.01)
(0.0068 -0.01 -0.01)
(0.007 -0.01 -0.01)
(0.0072 -0.01 -0.01)
(0.0074 -0.01 -0.01)
(0.0076 -0.01 -0.01)
(0.0078 -0.01 -0.01)
(0.008 -0.01 -0.01)
(0.0082 -0.01 -0.01)
(0.0084 -0.01 -0.01)
(0.0086 -0.01 -0.01)
(0.0088 -0.01 -0.01)
(0.009 -0.01 -0.01)
(0.0092 -0.01 -0.01)
(0.0094 -0.01 -0.01)
(0.0096 -0.01 -0.01)
(0.0098 -0.01 -0.01)
(0.01 -0.01 -0.01)
(0 -0.0095 -0.01)
(0.0002 -0.0095 -0.01)
(0.0004 -0.0095 -0.01)
(0.0006 -0.0095 -0.01)
(0.0008 -0.0095 -0.01)
(0.001 -0.0095 -0.01)
(0.0012 -0.0095 -0.01)
(0.0014 -0.0095 -0.01)
(0.0016 -0.0095 -0.01)
(0.0018 -0.0095 -0.01)
(0.002 -0.0095 -0.01)
(0.0022 -0.0095 -0.01)
(0.0024 -0.0095 -0.01)
(0.0026 -0.0095 -0.01)
(0.0028 -0.0095 -0.01)
(0.003 -0.0095 -0.01)
(0.0032 -0.0095 -0.01)
(0.0034 -0.0095 -0.01)
(0.0036 -0.0095 -0.01)
(0.0038 -0.0095 -0.01)
(0.004 -0.0095 -0.01)
(0.0042 -0.0095 -0.01)
(0.0044 -0.0095 -0.01)
(0.0046 -0.0095 -0.01)
(0.0048 -0.0095 -0.01)
(0.005 -0.0095 -0.01)
(0.0052 -0.0095 -0.01)
(0.0054 -0.0095 -0.01)
(0.0056 -0.0095 -0.01)
(0.0058 -0.0095 -0.01)
(0.006 -0.0095 -0.01)
(0.0062 -0.0095 -0.01)
(0.0064 -0.0095 -0.01)
(0.0066 -0.0095 -0.01)
(0.0068 -0.0095 -0.01)
(0.007 -0.0095 -0.01)
(0.0072 -0.0095 -0.01)
(0.0074 -0.0095 -0.01)
(0.0076 -0.0095 -0.01)
(0.0078 -0.0095 -0.01)
(0.008 -0.0095 -0.01)
(0.0082 -0.0095 -0.01)
(0.0084 -0.0095 -0.01)
(0.0086 -0.0095 -0.01)
(0.0088 -0.0095 -0.01)
(0.009 -0.0095 -0.01)
(0.0092 -0.0095 -0.01)
(0.0094 -0.0095 -0.01)
(0.0096 -0.0095 -0.01)
(0.0098 -0.0095 -0.01)
(0.01 -0.0095 -0.01)
(0 -0.009 -0.01)
(0.0002 -0.009 -0.01)
(0.0004 -0.009 -0.01)
(0.0006 -0.009 -0.01)
(0.0008 -0.009 -0.01)
(0.001 -0.009 -0.01)
(0.0012 -0.009 -0.01)
(0.0014 -0.009 -0.01)
(0.0016 -0.009 -0.01)
(0.0018 -0.009 -0.01)
(0.002 -0.009 -0.01)
(0.0022 -0.009 -0.01)
(0.0024 -0.009 -0.01)
(0.0026 -0.009 -0.01)
(0.0028 -0.009 -0.01)
(0.003 -0.009 -0.01)
(0.0032 -0.009 -0.01)
(0.0034 -0.009 -0.01)
(0.0036 -0.009 -0.01)
(0.0038 -0.009 -0.01)
(0.004 -0.009 -0.01)
(0.0042 -0.009 -0.01)
(0.0044 -0.009 -0.01)
(0.0046 -0.009 -0.01)
(0.0048 -0.009 -0.01)
(0.005 -0.009 -0.01)
(0.0052 -0.009 -0.01)
(0.0054 -0.009 -0.01)
(0.0056 -0.009 -0.01)
(0.0058 -0.009 -0.01)
(0.006 -0.009 -0.01)
(0.0062 -0.009 -0.01)
(0.0064 -0.009 -0.01)
(0.0066 -0.009 -0.01)
(0.0068 -0.009 -0.01)
(0.007 -0.009 -0.01)
(0.0072 -0.009 -0.01)
(0.0074 -0.009 -0.01)
(0.0076 -0.009 -0.01)
(0.0078 -0.009 -0.01)
(0.008 -0.009 -0.01)
(0.0082 -0.009 -0.01)
(0.0084 -0.009 -0.01)
(0.0086 -0.009 -0.01)
(0.0088 -0.009 -0.01)
(0.009 -0.009 -0.01)
(0.0092 -0.009 -0.01)
(0.0094 -0.009 -0.01)
(0.0096 -0.009 -0.01)
(0.0098 -0.009 -0.01)
(0.01 -0.009 -0.01)
(0 -0.0085 -0.01)
(0.0002 -0.0085 -0.01)
(0.0004 -0.0085 -0.01)
(0.0006 -0.0085 -0.01)
(0.0008 -0.0085 -0.01)
(0.001 -0.0085 -0.01)
(0.0012 -0.0085 -0.01)
(0.0014 -0.0085 -0.01)
(0.0016 -0.0085 -0.01)
(0.0018 -0.0085 -0.01)
(0.002 -0.0085 -0.01)
(0.0022 -0.0085 -0.01)
(0.0024 -0.0085 -0.01)
(0.0026 -0.0085 -0.01)
(0.0028 -0.0085 -0.01)
(0.003 -0.0085 -0.01)
(0.0032 -0.0085 -0.01)
(0.0034 -0.0085 -0.01)
(0.0036 -0.0085 -0.01)
(0.0038 -0.0085 -0.01)
(0.004 -0.0085 -0.01)
(0.0042 -0.0085 -0.01)
(0.0044 -0.0085 -0.01)
(0.0046 -0.0085 -0.01)
(0.0048 -0.0085 -0.01)
(0.005 -0.0085 -0.01)
(0.0052 -0.0085 -0.01)
(0.0054 -0.0085 -0.01)
(0.0056 -0.0085 -0.01)
(0.0058 -0.0085 -0.01)
(0.006 -0.0085 -0.01)
(0.0062 -0.0085 -0.01)
(0.0064 -0.0085 -0.01)
(0.0066 -0.0085 -0.01)
(0.0068 -0.0085 -0.01)
(0.007 -0.0085 -0.01)
(0.0072 -0.0085 -0.01)
(0.0074 -0.0085 -0.01)
(0.0076 -0.0085 -0.01)
(0.0078 -0.0085 -0.01)
(0.008 -0.0085 -0.01)
(0.0082 -0.0085 -0.01)
(0.0084 -0.0085 -0.01)
(0.0086 -0.0085 -0.01)
(0.0088 -0.0085 -0.01)
(0.009 -0.0085 -0.01)
(0.0092 -0.0085 -0.01)
(0.0094 -0.0085 -0.01)
(0.0096 -0.0085 -0.01)
(0.0098 -0.0085 -0.01)
(0.01 -0.0085 -0.01)
(0 -0.008 -0.01)
(0.0002 -0.008 -0.01)
(0.0004 -0.008 -0.01)
(0.0006 -0.008 -0.01)
(0.0008 -0.008 -0.01)
(0.001 -0.008 -0.01)
(0.0012 -0.008 -0.01)
(0.0014 -0.008 -0.01)
(0.0016 -0.008 -0.01)
(0.0018 -0.008 -0.01)
(0.002 -0.008 -0.01)
(0.0022 -0.008 -0.01)
(0.0024 -0.008 -0.01)
(0.0026 -0.008 -0.01)
(0.0028 -0.008 -0.01)
(0.003 -0.008 -0.01)
(0.0032 -0.008 -0.01)
(0.0034 -0.008 -0.01)
(0.0036 -0.008 -0.01)
(0.0038 -0.008 -0.01)
(0.004 -0.008 -0.01)
(0.0042 -0.008 -0.01)
(0.0044 -0.008 -0.01)
(0.0046 -0.008 -0.01)
(0.0048 -0.008 -0.01)
(0.005 -0.008 -0.01)
(0.0052 -0.008 -0.01)
(0.0054 -0.008 -0.01)
(0.0056 -0.008 -0.01)
(0.0058 -0.008 -0.01)
(0.006 -0.008 -0.01)
(0.0062 -0.008 -0.01)
(0.0064 -0.008 -0.01)
(0.0066 -0.008 -0.01)
(0.0068 -0.008 -0.01)
(0.007 -0.008 -0.01)
(0.0072 -0.008 -0.01)
(0.0074 -0.008 -0.01)
(0.0076 -0.008 -0.01)
(0.0078 -0.008 -0.01)
(0.008 -0.008 -0.01)
(0.0082 -0.008 -0.01)
(0.0084 -0.008 -0.01)
(0.0086 -0.008 -0.01)
(0.0088 -0.008 -0.01)
(0.009 -0.008 -0.01)
(0.0092 -0.008 -0.01)
(0.0094 -0.008 -0.01)
(0.0096 -0.008 -0.01)
(0.0098 -0.008 -0.01)
(0.01 -0.008 -0.01)
(0 -0.0075 -0.01)
(0.0002 -0.0075 -0.01)
(0.0004 -0.0075 -0.01)
(0.0006 -0.0075 -0.01)
(0.0008 -0.0075 -0.01)
(0.001 -0.0075 -0.01)
(0.0012 -0.0075 -0.01)
(0.0014 -0.0075 -0.01)
(0.0016 -0.0075 -0.01)
(0.0018 -0.0075 -0.01)
(0.002 -0.0075 -0.01)
(0.0022 -0.0075 -0.01)
(0.0024 -0.0075 -0.01)
(0.0026 -0.0075 -0.01)
(0.0028 -0.0075 -0.01)
(0.003 -0.0075 -0.01)
(0.0032 -0.0075 -0.01)
(0.0034 -0.0075 -0.01)
(0.0036 -0.0075 -0.01)
(0.0038 -0.0075 -0.01)
(0.004 -0.0075 -0.01)
(0.0042 -0.0075 -0.01)
(0.0044 -0.0075 -0.01)
(0.0046 -0.0075 -0.01)
(0.0048 -0.0075 -0.01)
(0.005 -0.0075 -0.01)
(0.0052 -0.0075 -0.01)
(0.0054 -0.0075 -0.01)
(0.0056 -0.0075 -0.01)
(0.0058 -0.0075 -0.01)
(0.006 -0.0075 -0.01)
(0.0062 -0.0075 -0.01)
(0.0064 -0.0075 -0.01)
(0.0066 -0.0075 -0.01)
(0.0068 -0.0075 -0.01)
(0.007 -0.0075 -0.01)
(0.0072 -0.0075 -0.01)
(0.0074 -0.0075 -0.01)
(0.0076 -0.0075 -0.01)
(0.0078 -0.0075 -0.01)
(0.008 -0.0075 -0.01)
(0.0082 -0.0075 -0.01)
(0.0084 -0.0075 -0.01)
(0.0086 -0.0075 -0.01)
(0.0088 -0.0075 -0.01)
(0.009 -0.0075 -0.01)
(0.0092 -0.0075 -0.01)
(0.0094 -0.0075 -0.01)
(0.0096 -0.0075 -0.01)
(0.0098 -0.0075 -0.01)
(0.01 -0.0075 -0.01)
(0 -0.007 -0.01)
(0.0002 -0.007 -0.01)
(0.0004 -0.007 -0.01)
(0.0006 -0.007 -0.01)
(0.0008 -0.007 -0.01)
(0.001 -0.007 -0.01)
(0.0012 -0.007 -0.01)
(0.0014 -0.007 -0.01)
(0.0016 -0.007 -0.01)
(0.0018 -0.007 -0.01)
(0.002 -0.007 -0.01)
(0.0022 -0.007 -0.01)
(0.0024 -0.007 -0.01)
(0.0026 -0.007 -0.01)
(0.0028 -0.007 -0.01)
(0.003 -0.007 -0.01)
(0.0032 -0.007 -0.01)
(0.0034 -0.007 -0.01)
(0.0036 -0.007 -0.01)
(0.0038 -0.007 -0.01)
(0.004 -0.007 -0.01)
(0.0042 -0.007 -0.01)
(0.0044 -0.007 -0.01)
(0.0046 -0.007 -0.01)
(0.0048 -0.007 -0.01)
(0.005 -0.007 -0.01)
(0.0052 -0.007 -0.01)
(0.0054 -0.007 -0.01)
(0.0056 -0.007 -0.01)
(0.0058 -0.007 -0.01)
(0.006 -0.007 -0.01)
(0.0062 -0.007 -0.01)
(0.0064 -0.007 -0.01)
(0.0066 -0.007 -0.01)
(0.0068 -0.007 -0.01)
(0.007 -0.007 -0.01)
(0.0072 -0.007 -0.01)
(0.0074 -0.007 -0.01)
(0.0076 -0.007 -0.01)
(0.0078 -0.007 -0.01)
(0.008 -0.007 -0.01)
(0.0082 -0.007 -0.01)
(0.0084 -0.007 -0.01)
(0.0086 -0.007 -0.01)
(0.0088 -0.007 -0.01)
(0.009 -0.007 -0.01)
(0.0092 -0.007 -0.01)
(0.0094 -0.007 -0.01)
(0.0096 -0.007 -0.01)
(0.0098 -0.007 -0.01)
(0.01 -0.007 -0.01)
(0 -0.0065 -0.01)
(0.0002 -0.0065 -0.01)
(0.0004 -0.0065 -0.01)
(0.0006 -0.0065 -0.01)
(0.0008 -0.0065 -0.01)
(0.001 -0.0065 -0.01)
(0.0012 -0.0065 -0.01)
(0.0014 -0.0065 -0.01)
(0.0016 -0.0065 -0.01)
(0.0018 -0.0065 -0.01)
(0.002 -0.0065 -0.01)
(0.0022 -0.0065 -0.01)
(0.0024 -0.0065 -0.01)
(0.0026 -0.0065 -0.01)
(0.0028 -0.0065 -0.01)
(0.003 -0.0065 -0.01)
(0.0032 -0.0065 -0.01)
(0.0034 -0.0065 -0.01)
(0.0036 -0.0065 -0.01)
(0.0038 -0.0065 -0.01)
(0.004 -0.0065 -0.01)
(0.0042 -0.0065 -0.01)
(0.0044 -0.0065 -0.01)
(0.0046 -0.0065 -0.01)
(0.0048 -0.0065 -0.01)
(0.005 -0.0065 -0.01)
(0.0052 -0.0065 -0.01)
(0.0054 -0.0065 -0.01)
(0.0056 -0.0065 -0.01)
(0.0058 -0.0065 -0.01)
(0.006 -0.0065 -0.01)
(0.0062 -0.0065 -0.01)
(0.0064 -0.0065 -0.01)
(0.0066 -0.0065 -0.01)
(0.0068 -0.0065 -0.01)
(0.007 -0.0065 -0.01)
(0.0072 -0.0065 -0.01)
(0.0074 -0.0065 -0.01)
(0.0076 -0.0065 -0.01)
(0.0078 -0.0065 -0.01)
(0.008 -0.0065 -0.01)
(0.0082 -0.0065 -0.01)
(0.0084 -0.0065 -0.01)
(0.0086 -0.0065 -0.01)
(0.0088 -0.0065 -0.01)
(0.009 -0.0065 -0.01)
(0.0092 -0.0065 -0.01)
(0.0094 -0.0065 -0.01)
(0.0096 -0.0065 -0.01)
(0.0098 -0.0065 -0.01)
(0.01 -0.0065 -0.01)
(0 -0.006 -0.01)
(0.0002 -0.006 -0.01)
(0.0004 -0.006 -0.01)
(0.0006 -0.006 -0.01)
(0.0008 -0.006 -0.01)
(0.001 -0.006 -0.01)
(0.0012 -0.006 -0.01)
(0.0014 -0.006 -0.01)
(0.0016 -0.006 -0.01)
(0.0018 -0.006 -0.01)
(0.002 -0.006 -0.01)
(0.0022 -0.006 -0.01)
(0.0024 -0.006 -0.01)
(0.0026 -0.006 -0.01)
(0.0028 -0.006 -0.01)
(0.003 -0.006 -0.01)
(0.0032 -0.006 -0.01)
(0.0034 -0.006 -0.01)
(0.0036 -0.006 -0.01)
(0.0038 -0.006 -0.01)
(0.004 -0.006 -0.01)
(0.0042 -0.006 -0.01)
(0.0044 -0.006 -0.01)
(0.0046 -0.006 -0.01)
(0.0048 -0.006 -0.01)
(0.005 -0.006 -0.01)
(0.0052 -0.006 -0.01)
(0.0054 -0.006 -0.01)
(0.0056 -0.006 -0.01)
(0.0058 -0.006 -0.01)
(0.006 -0.006 -0.01)
(0.0062 -0.006 -0.01)
(0.0064 -0.006 -0.01)
(0.0066 -0.006 -0.01)
(0.0068 -0.006 -0.01)
(0.007 -0.006 -0.01)
(0.0072 -0.006 -0.01)
(0.0074 -0.006 -0.01)
(0.0076 -0.006 -0.01)
(0.0078 -0.006 -0.01)
(0.008 -0.006 -0.01)
(0.0082 -0.006 -0.01)
(0.0084 -0.006 -0.01)
(0.0086 -0.006 -0.01)
(0.0088 -0.006 -0.01)
(0.009 -0.006 -0.01)
(0.0092 -0.006 -0.01)
(0.0094 -0.006 -0.01)
(0.0096 -0.006 -0.01)
(0.0098 -0.006 -0.01)
(0.01 -0.006 -0.01)
(0 -0.0055 -0.01)
(0.0002 -0.0055 -0.01)
(0.0004 -0.0055 -0.01)
(0.0006 -0.0055 -0.01)
(0.0008 -0.0055 -0.01)
(0.001 -0.0055 -0.01)
(0.0012 -0.0055 -0.01)
(0.0014 -0.0055 -0.01)
(0.0016 -0.0055 -0.01)
(0.0018 -0.0055 -0.01)
(0.002 -0.0055 -0.01)
(0.0022 -0.0055 -0.01)
(0.0024 -0.0055 -0.01)
(0.0026 -0.0055 -0.01)
(0.0028 -0.0055 -0.01)
(0.003 -0.0055 -0.01)
(0.0032 -0.0055 -0.01)
(0.0034 -0.0055 -0.01)
(0.0036 -0.0055 -0.01)
(0.0038 -0.0055 -0.01)
(0.004 -0.0055 -0.01)
(0.0042 -0.0055 -0.01)
(0.0044 -0.0055 -0.01)
(0.0046 -0.0055 -0.01)
(0.0048 -0.0055 -0.01)
(0.005 -0.0055 -0.01)
(0.0052 -0.0055 -0.01)
(0.0054 -0.0055 -0.01)
(0.0056 -0.0055 -0.01)
(0.0058 -0.0055 -0.01)
(0.006 -0.0055 -0.01)
(0.0062 -0.0055 -0.01)
(0.0064 -0.0055 -0.01)
(0.0066 -0.0055 -0.01)
(0.0068 -0.0055 -0.01)
(0.007 -0.0055 -0.01)
(0.0072 -0.0055 -0.01)
(0.0074 -0.0055 -0.01)
(0.0076 -0.0055 -0.01)
(0.0078 -0.0055 -0.01)
(0.008 -0.0055 -0.01)
(0.0082 -0.0055 -0.01)
(0.0084 -0.0055 -0.01)
(0.0086 -0.0055 -0.01)
(0.0088 -0.0055 -0.01)
(0.009 -0.0055 -0.01)
(0.0092 -0.0055 -0.01)
(0.0094 -0.0055 -0.01)
(0.0096 -0.0055 -0.01)
(0.0098 -0.0055 -0.01)
(0.01 -0.0055 -0.01)
(0 -0.005 -0.01)
(0.0002 -0.005 -0.01)
(0.0004 -0.005 -0.01)
(0.0006 -0.005 -0.01)
(0.0008 -0.005 -0.01)
(0.001 -0.005 -0.01)
(0.0012 -0.005 -0.01)
(0.0014 -0.005 -0.01)
(0.0016 -0.005 -0.01)
(0.0018 -0.005 -0.01)
(0.002 -0.005 -0.01)
(0.0022 -0.005 -0.01)
(0.0024 -0.005 -0.01)
(0.0026 -0.005 -0.01)
(0.0028 -0.005 -0.01)
(0.003 -0.005 -0.01)
(0.0032 -0.005 -0.01)
(0.0034 -0.005 -0.01)
(0.0036 -0.005 -0.01)
(0.0038 -0.005 -0.01)
(0.004 -0.005 -0.01)
(0.0042 -0.005 -0.01)
(0.0044 -0.005 -0.01)
(0.0046 -0.005 -0.01)
(0.0048 -0.005 -0.01)
(0.005 -0.005 -0.01)
(0.0052 -0.005 -0.01)
(0.0054 -0.005 -0.01)
(0.0056 -0.005 -0.01)
(0.0058 -0.005 -0.01)
(0.006 -0.005 -0.01)
(0.0062 -0.005 -0.01)
(0.0064 -0.005 -0.01)
(0.0066 -0.005 -0.01)
(0.0068 -0.005 -0.01)
(0.007 -0.005 -0.01)
(0.0072 -0.005 -0.01)
(0.0074 -0.005 -0.01)
(0.0076 -0.005 -0.01)
(0.0078 -0.005 -0.01)
(0.008 -0.005 -0.01)
(0.0082 -0.005 -0.01)
(0.0084 -0.005 -0.01)
(0.0086 -0.005 -0.01)
(0.0088 -0.005 -0.01)
(0.009 -0.005 -0.01)
(0.0092 -0.005 -0.01)
(0.0094 -0.005 -0.01)
(0.0096 -0.005 -0.01)
(0.0098 -0.005 -0.01)
(0.01 -0.005 -0.01)
(0 -0.01 0.01)
(0.0002 -0.01 0.01)
(0.0004 -0.01 0.01)
(0.0006 -0.01 0.01)
(0.0008 -0.01 0.01)
(0.001 -0.01 0.01)
(0.0012 -0.01 0.01)
(0.0014 -0.01 0.01)
(0.0016 -0.01 0.01)
(0.0018 -0.01 0.01)
(0.002 -0.01 0.01)
(0.0022 -0.01 0.01)
(0.0024 -0.01 0.01)
(0.0026 -0.01 0.01)
(0.0028 -0.01 0.01)
(0.003 -0.01 0.01)
(0.0032 -0.01 0.01)
(0.0034 -0.01 0.01)
(0.0036 -0.01 0.01)
(0.0038 -0.01 0.01)
(0.004 -0.01 0.01)
(0.0042 -0.01 0.01)
(0.0044 -0.01 0.01)
(0.0046 -0.01 0.01)
(0.0048 -0.01 0.01)
(0.005 -0.01 0.01)
(0.0052 -0.01 0.01)
(0.0054 -0.01 0.01)
(0.0056 -0.01 0.01)
(0.0058 -0.01 0.01)
(0.006 -0.01 0.01)
(0.0062 -0.01 0.01)
(0.0064 -0.01 0.01)
(0.0066 -0.01 0.01)
(0.0068 -0.01 0.01)
(0.007 -0.01 0.01)
(0.0072 -0.01 0.01)
(0.0074 -0.01 0.01)
(0.0076 -0.01 0.01)
(0.0078 -0.01 0.01)
(0.008 -0.01 0.01)
(0.0082 -0.01 0.01)
(0.0084 -0.01 0.01)
(0.0086 -0.01 0.01)
(0.0088 -0.01 0.01)
(0.009 -0.01 0.01)
(0.0092 -0.01 0.01)
(0.0094 -0.01 0.01)
(0.0096 -0.01 0.01)
(0.0098 -0.01 0.01)
(0.01 -0.01 0.01)
(0 -0.0095 0.01)
(0.0002 -0.0095 0.01)
(0.0004 -0.0095 0.01)
(0.0006 -0.0095 0.01)
(0.0008 -0.0095 0.01)
(0.001 -0.0095 0.01)
(0.0012 -0.0095 0.01)
(0.0014 -0.0095 0.01)
(0.0016 -0.0095 0.01)
(0.0018 -0.0095 0.01)
(0.002 -0.0095 0.01)
(0.0022 -0.0095 0.01)
(0.0024 -0.0095 0.01)
(0.0026 -0.0095 0.01)
(0.0028 -0.0095 0.01)
(0.003 -0.0095 0.01)
(0.0032 -0.0095 0.01)
(0.0034 -0.0095 0.01)
(0.0036 -0.0095 0.01)
(0.0038 -0.0095 0.01)
(0.004 -0.0095 0.01)
(0.0042 -0.0095 0.01)
(0.0044 -0.0095 0.01)
(0.0046 -0.0095 0.01)
(0.0048 -0.0095 0.01)
(0.005 -0.0095 0.01)
(0.0052 -0.0095 0.01)
(0.0054 -0.0095 0.01)
(0.0056 -0.0095 0.01)
(0.0058 -0.0095 0.01)
(0.006 -0.0095 0.01)
(0.0062 -0.0095 0.01)
(0.0064 -0.0095 0.01)
(0.0066 -0.0095 0.01)
(0.0068 -0.0095 0.01)
(0.007 -0.0095 0.01)
(0.0072 -0.0095 0.01)
(0.0074 -0.0095 0.01)
(0.0076 -0.0095 0.01)
(0.0078 -0.0095 0.01)
(0.008 -0.0095 0.01)
(0.0082 -0.0095 0.01)
(0.0084 -0.0095 0.01)
(0.0086 -0.0095 0.01)
(0.0088 -0.0095 0.01)
(0.009 -0.0095 0.01)
(0.0092 -0.0095 0.01)
(0.0094 -0.0095 0.01)
(0.0096 -0.0095 0.01)
(0.0098 -0.0095 0.01)
(0.01 -0.0095 0.01)
(0 -0.009 0.01)
(0.0002 -0.009 0.01)
(0.0004 -0.009 0.01)
(0.0006 -0.009 0.01)
(0.0008 -0.009 0.01)
(0.001 -0.009 0.01)
(0.0012 -0.009 0.01)
(0.0014 -0.009 0.01)
(0.0016 -0.009 0.01)
(0.0018 -0.009 0.01)
(0.002 -0.009 0.01)
(0.0022 -0.009 0.01)
(0.0024 -0.009 0.01)
(0.0026 -0.009 0.01)
(0.0028 -0.009 0.01)
(0.003 -0.009 0.01)
(0.0032 -0.009 0.01)
(0.0034 -0.009 0.01)
(0.0036 -0.009 0.01)
(0.0038 -0.009 0.01)
(0.004 -0.009 0.01)
(0.0042 -0.009 0.01)
(0.0044 -0.009 0.01)
(0.0046 -0.009 0.01)
(0.0048 -0.009 0.01)
(0.005 -0.009 0.01)
(0.0052 -0.009 0.01)
(0.0054 -0.009 0.01)
(0.0056 -0.009 0.01)
(0.0058 -0.009 0.01)
(0.006 -0.009 0.01)
(0.0062 -0.009 0.01)
(0.0064 -0.009 0.01)
(0.0066 -0.009 0.01)
(0.0068 -0.009 0.01)
(0.007 -0.009 0.01)
(0.0072 -0.009 0.01)
(0.0074 -0.009 0.01)
(0.0076 -0.009 0.01)
(0.0078 -0.009 0.01)
(0.008 -0.009 0.01)
(0.0082 -0.009 0.01)
(0.0084 -0.009 0.01)
(0.0086 -0.009 0.01)
(0.0088 -0.009 0.01)
(0.009 -0.009 0.01)
(0.0092 -0.009 0.01)
(0.0094 -0.009 0.01)
(0.0096 -0.009 0.01)
(0.0098 -0.009 0.01)
(0.01 -0.009 0.01)
(0 -0.0085 0.01)
(0.0002 -0.0085 0.01)
(0.0004 -0.0085 0.01)
(0.0006 -0.0085 0.01)
(0.0008 -0.0085 0.01)
(0.001 -0.0085 0.01)
(0.0012 -0.0085 0.01)
(0.0014 -0.0085 0.01)
(0.0016 -0.0085 0.01)
(0.0018 -0.0085 0.01)
(0.002 -0.0085 0.01)
(0.0022 -0.0085 0.01)
(0.0024 -0.0085 0.01)
(0.0026 -0.0085 0.01)
(0.0028 -0.0085 0.01)
(0.003 -0.0085 0.01)
(0.0032 -0.0085 0.01)
(0.0034 -0.0085 0.01)
(0.0036 -0.0085 0.01)
(0.0038 -0.0085 0.01)
(0.004 -0.0085 0.01)
(0.0042 -0.0085 0.01)
(0.0044 -0.0085 0.01)
(0.0046 -0.0085 0.01)
(0.0048 -0.0085 0.01)
(0.005 -0.0085 0.01)
(0.0052 -0.0085 0.01)
(0.0054 -0.0085 0.01)
(0.0056 -0.0085 0.01)
(0.0058 -0.0085 0.01)
(0.006 -0.0085 0.01)
(0.0062 -0.0085 0.01)
(0.0064 -0.0085 0.01)
(0.0066 -0.0085 0.01)
(0.0068 -0.0085 0.01)
(0.007 -0.0085 0.01)
(0.0072 -0.0085 0.01)
(0.0074 -0.0085 0.01)
(0.0076 -0.0085 0.01)
(0.0078 -0.0085 0.01)
(0.008 -0.0085 0.01)
(0.0082 -0.0085 0.01)
(0.0084 -0.0085 0.01)
(0.0086 -0.0085 0.01)
(0.0088 -0.0085 0.01)
(0.009 -0.0085 0.01)
(0.0092 -0.0085 0.01)
(0.0094 -0.0085 0.01)
(0.0096 -0.0085 0.01)
(0.0098 -0.0085 0.01)
(0.01 -0.0085 0.01)
(0 -0.008 0.01)
(0.0002 -0.008 0.01)
(0.0004 -0.008 0.01)
(0.0006 -0.008 0.01)
(0.0008 -0.008 0.01)
(0.001 -0.008 0.01)
(0.0012 -0.008 0.01)
(0.0014 -0.008 0.01)
(0.0016 -0.008 0.01)
(0.0018 -0.008 0.01)
(0.002 -0.008 0.01)
(0.0022 -0.008 0.01)
(0.0024 -0.008 0.01)
(0.0026 -0.008 0.01)
(0.0028 -0.008 0.01)
(0.003 -0.008 0.01)
(0.0032 -0.008 0.01)
(0.0034 -0.008 0.01)
(0.0036 -0.008 0.01)
(0.0038 -0.008 0.01)
(0.004 -0.008 0.01)
(0.0042 -0.008 0.01)
(0.0044 -0.008 0.01)
(0.0046 -0.008 0.01)
(0.0048 -0.008 0.01)
(0.005 -0.008 0.01)
(0.0052 -0.008 0.01)
(0.0054 -0.008 0.01)
(0.0056 -0.008 0.01)
(0.0058 -0.008 0.01)
(0.006 -0.008 0.01)
(0.0062 -0.008 0.01)
(0.0064 -0.008 0.01)
(0.0066 -0.008 0.01)
(0.0068 -0.008 0.01)
(0.007 -0.008 0.01)
(0.0072 -0.008 0.01)
(0.0074 -0.008 0.01)
(0.0076 -0.008 0.01)
(0.0078 -0.008 0.01)
(0.008 -0.008 0.01)
(0.0082 -0.008 0.01)
(0.0084 -0.008 0.01)
(0.0086 -0.008 0.01)
(0.0088 -0.008 0.01)
(0.009 -0.008 0.01)
(0.0092 -0.008 0.01)
(0.0094 -0.008 0.01)
(0.0096 -0.008 0.01)
(0.0098 -0.008 0.01)
(0.01 -0.008 0.01)
(0 -0.0075 0.01)
(0.0002 -0.0075 0.01)
(0.0004 -0.0075 0.01)
(0.0006 -0.0075 0.01)
(0.0008 -0.0075 0.01)
(0.001 -0.0075 0.01)
(0.0012 -0.0075 0.01)
(0.0014 -0.0075 0.01)
(0.0016 -0.0075 0.01)
(0.0018 -0.0075 0.01)
(0.002 -0.0075 0.01)
(0.0022 -0.0075 0.01)
(0.0024 -0.0075 0.01)
(0.0026 -0.0075 0.01)
(0.0028 -0.0075 0.01)
(0.003 -0.0075 0.01)
(0.0032 -0.0075 0.01)
(0.0034 -0.0075 0.01)
(0.0036 -0.0075 0.01)
(0.0038 -0.0075 0.01)
(0.004 -0.0075 0.01)
(0.0042 -0.0075 0.01)
(0.0044 -0.0075 0.01)
(0.0046 -0.0075 0.01)
(0.0048 -0.0075 0.01)
(0.005 -0.0075 0.01)
(0.0052 -0.0075 0.01)
(0.0054 -0.0075 0.01)
(0.0056 -0.0075 0.01)
(0.0058 -0.0075 0.01)
(0.006 -0.0075 0.01)
(0.0062 -0.0075 0.01)
(0.0064 -0.0075 0.01)
(0.0066 -0.0075 0.01)
(0.0068 -0.0075 0.01)
(0.007 -0.0075 0.01)
(0.0072 -0.0075 0.01)
(0.0074 -0.0075 0.01)
(0.0076 -0.0075 0.01)
(0.0078 -0.0075 0.01)
(0.008 -0.0075 0.01)
(0.0082 -0.0075 0.01)
(0.0084 -0.0075 0.01)
(0.0086 -0.0075 0.01)
(0.0088 -0.0075 0.01)
(0.009 -0.0075 0.01)
(0.0092 -0.0075 0.01)
(0.0094 -0.0075 0.01)
(0.0096 -0.0075 0.01)
(0.0098 -0.0075 0.01)
(0.01 -0.0075 0.01)
(0 -0.007 0.01)
(0.0002 -0.007 0.01)
(0.0004 -0.007 0.01)
(0.0006 -0.007 0.01)
(0.0008 -0.007 0.01)
(0.001 -0.007 0.01)
(0.0012 -0.007 0.01)
(0.0014 -0.007 0.01)
(0.0016 -0.007 0.01)
(0.0018 -0.007 0.01)
(0.002 -0.007 0.01)
(0.0022 -0.007 0.01)
(0.0024 -0.007 0.01)
(0.0026 -0.007 0.01)
(0.0028 -0.007 0.01)
(0.003 -0.007 0.01)
(0.0032 -0.007 0.01)
(0.0034 -0.007 0.01)
(0.0036 -0.007 0.01)
(0.0038 -0.007 0.01)
(0.004 -0.007 0.01)
(0.0042 -0.007 0.01)
(0.0044 -0.007 0.01)
(0.0046 -0.007 0.01)
(0.0048 -0.007 0.01)
(0.005 -0.007 0.01)
(0.0052 -0.007 0.01)
(0.0054 -0.007 0.01)
(0.0056 -0.007 0.01)
(0.0058 -0.007 0.01)
(0.006 -0.007 0.01)
(0.0062 -0.007 0.01)
(0.0064 -0.007 0.01)
(0.0066 -0.007 0.01)
(0.0068 -0.007 0.01)
(0.007 -0.007 0.01)
(0.0072 -0.007 0.01)
(0.0074 -0.007 0.01)
(0.0076 -0.007 0.01)
(0.0078 -0.007 0.01)
(0.008 -0.007 0.01)
(0.0082 -0.007 0.01)
(0.0084 -0.007 0.01)
(0.0086 -0.007 0.01)
(0.0088 -0.007 0.01)
(0.009 -0.007 0.01)
(0.0092 -0.007 0.01)
(0.0094 -0.007 0.01)
(0.0096 -0.007 0.01)
(0.0098 -0.007 0.01)
(0.01 -0.007 0.01)
(0 -0.0065 0.01)
(0.0002 -0.0065 0.01)
(0.0004 -0.0065 0.01)
(0.0006 -0.0065 0.01)
(0.0008 -0.0065 0.01)
(0.001 -0.0065 0.01)
(0.0012 -0.0065 0.01)
(0.0014 -0.0065 0.01)
(0.0016 -0.0065 0.01)
(0.0018 -0.0065 0.01)
(0.002 -0.0065 0.01)
(0.0022 -0.0065 0.01)
(0.0024 -0.0065 0.01)
(0.0026 -0.0065 0.01)
(0.0028 -0.0065 0.01)
(0.003 -0.0065 0.01)
(0.0032 -0.0065 0.01)
(0.0034 -0.0065 0.01)
(0.0036 -0.0065 0.01)
(0.0038 -0.0065 0.01)
(0.004 -0.0065 0.01)
(0.0042 -0.0065 0.01)
(0.0044 -0.0065 0.01)
(0.0046 -0.0065 0.01)
(0.0048 -0.0065 0.01)
(0.005 -0.0065 0.01)
(0.0052 -0.0065 0.01)
(0.0054 -0.0065 0.01)
(0.0056 -0.0065 0.01)
(0.0058 -0.0065 0.01)
(0.006 -0.0065 0.01)
(0.0062 -0.0065 0.01)
(0.0064 -0.0065 0.01)
(0.0066 -0.0065 0.01)
(0.0068 -0.0065 0.01)
(0.007 -0.0065 0.01)
(0.0072 -0.0065 0.01)
(0.0074 -0.0065 0.01)
(0.0076 -0.0065 0.01)
(0.0078 -0.0065 0.01)
(0.008 -0.0065 0.01)
(0.0082 -0.0065 0.01)
(0.0084 -0.0065 0.01)
(0.0086 -0.0065 0.01)
(0.0088 -0.0065 0.01)
(0.009 -0.0065 0.01)
(0.0092 -0.0065 0.01)
(0.0094 -0.0065 0.01)
(0.0096 -0.0065 0.01)
(0.0098 -0.0065 0.01)
(0.01 -0.0065 0.01)
(0 -0.006 0.01)
(0.0002 -0.006 0.01)
(0.0004 -0.006 0.01)
(0.0006 -0.006 0.01)
(0.0008 -0.006 0.01)
(0.001 -0.006 0.01)
(0.0012 -0.006 0.01)
(0.0014 -0.006 0.01)
(0.0016 -0.006 0.01)
(0.0018 -0.006 0.01)
(0.002 -0.006 0.01)
(0.0022 -0.006 0.01)
(0.0024 -0.006 0.01)
(0.0026 -0.006 0.01)
(0.0028 -0.006 0.01)
(0.003 -0.006 0.01)
(0.0032 -0.006 0.01)
(0.0034 -0.006 0.01)
(0.0036 -0.006 0.01)
(0.0038 -0.006 0.01)
(0.004 -0.006 0.01)
(0.0042 -0.006 0.01)
(0.0044 -0.006 0.01)
(0.0046 -0.006 0.01)
(0.0048 -0.006 0.01)
(0.005 -0.006 0.01)
(0.0052 -0.006 0.01)
(0.0054 -0.006 0.01)
(0.0056 -0.006 0.01)
(0.0058 -0.006 0.01)
(0.006 -0.006 0.01)
(0.0062 -0.006 0.01)
(0.0064 -0.006 0.01)
(0.0066 -0.006 0.01)
(0.0068 -0.006 0.01)
(0.007 -0.006 0.01)
(0.0072 -0.006 0.01)
(0.0074 -0.006 0.01)
(0.0076 -0.006 0.01)
(0.0078 -0.006 0.01)
(0.008 -0.006 0.01)
(0.0082 -0.006 0.01)
(0.0084 -0.006 0.01)
(0.0086 -0.006 0.01)
(0.0088 -0.006 0.01)
(0.009 -0.006 0.01)
(0.0092 -0.006 0.01)
(0.0094 -0.006 0.01)
(0.0096 -0.006 0.01)
(0.0098 -0.006 0.01)
(0.01 -0.006 0.01)
(0 -0.0055 0.01)
(0.0002 -0.0055 0.01)
(0.0004 -0.0055 0.01)
(0.0006 -0.0055 0.01)
(0.0008 -0.0055 0.01)
(0.001 -0.0055 0.01)
(0.0012 -0.0055 0.01)
(0.0014 -0.0055 0.01)
(0.0016 -0.0055 0.01)
(0.0018 -0.0055 0.01)
(0.002 -0.0055 0.01)
(0.0022 -0.0055 0.01)
(0.0024 -0.0055 0.01)
(0.0026 -0.0055 0.01)
(0.0028 -0.0055 0.01)
(0.003 -0.0055 0.01)
(0.0032 -0.0055 0.01)
(0.0034 -0.0055 0.01)
(0.0036 -0.0055 0.01)
(0.0038 -0.0055 0.01)
(0.004 -0.0055 0.01)
(0.0042 -0.0055 0.01)
(0.0044 -0.0055 0.01)
(0.0046 -0.0055 0.01)
(0.0048 -0.0055 0.01)
(0.005 -0.0055 0.01)
(0.0052 -0.0055 0.01)
(0.0054 -0.0055 0.01)
(0.0056 -0.0055 0.01)
(0.0058 -0.0055 0.01)
(0.006 -0.0055 0.01)
(0.0062 -0.0055 0.01)
(0.0064 -0.0055 0.01)
(0.0066 -0.0055 0.01)
(0.0068 -0.0055 0.01)
(0.007 -0.0055 0.01)
(0.0072 -0.0055 0.01)
(0.0074 -0.0055 0.01)
(0.0076 -0.0055 0.01)
(0.0078 -0.0055 0.01)
(0.008 -0.0055 0.01)
(0.0082 -0.0055 0.01)
(0.0084 -0.0055 0.01)
(0.0086 -0.0055 0.01)
(0.0088 -0.0055 0.01)
(0.009 -0.0055 0.01)
(0.0092 -0.0055 0.01)
(0.0094 -0.0055 0.01)
(0.0096 -0.0055 0.01)
(0.0098 -0.0055 0.01)
(0.01 -0.0055 0.01)
(0 -0.005 0.01)
(0.0002 -0.005 0.01)
(0.0004 -0.005 0.01)
(0.0006 -0.005 0.01)
(0.0008 -0.005 0.01)
(0.001 -0.005 0.01)
(0.0012 -0.005 0.01)
(0.0014 -0.005 0.01)
(0.0016 -0.005 0.01)
(0.0018 -0.005 0.01)
(0.002 -0.005 0.01)
(0.0022 -0.005 0.01)
(0.0024 -0.005 0.01)
(0.0026 -0.005 0.01)
(0.0028 -0.005 0.01)
(0.003 -0.005 0.01)
(0.0032 -0.005 0.01)
(0.0034 -0.005 0.01)
(0.0036 -0.005 0.01)
(0.0038 -0.005 0.01)
(0.004 -0.005 0.01)
(0.0042 -0.005 0.01)
(0.0044 -0.005 0.01)
(0.0046 -0.005 0.01)
(0.0048 -0.005 0.01)
(0.005 -0.005 0.01)
(0.0052 -0.005 0.01)
(0.0054 -0.005 0.01)
(0.0056 -0.005 0.01)
(0.0058 -0.005 0.01)
(0.006 -0.005 0.01)
(0.0062 -0.005 0.01)
(0.0064 -0.005 0.01)
(0.0066 -0.005 0.01)
(0.0068 -0.005 0.01)
(0.007 -0.005 0.01)
(0.0072 -0.005 0.01)
(0.0074 -0.005 0.01)
(0.0076 -0.005 0.01)
(0.0078 -0.005 0.01)
(0.008 -0.005 0.01)
(0.0082 -0.005 0.01)
(0.0084 -0.005 0.01)
(0.0086 -0.005 0.01)
(0.0088 -0.005 0.01)
(0.009 -0.005 0.01)
(0.0092 -0.005 0.01)
(0.0094 -0.005 0.01)
(0.0096 -0.005 0.01)
(0.0098 -0.005 0.01)
(0.01 -0.005 0.01)
)


// ************************************************************************* //
